1
0.02
0.0004
1272
0.0 -0.0004 0 0 1000 1000 0 0.00016 0.001 0.00048 1 0 1
0.0 -0.0008 0 0 1000 1000 0 0.00016 0.001 0.00048 1 0 1
0.0 -0.0012000000000000001 0 0 1000 1000 0 0.00016 0.001 0.00048 1 0 1
0.0002 -0.0004 0 0 1000 1000 0 0.00016 0.001 0.00048 1 0 1
0.0002 -0.0008 0 0 1000 1000 0 0.00016 0.001 0.00048 1 0 1
0.0002 -0.0012000000000000001 0 0 1000 1000 0 0.00016 0.001 0.00048 1 0 1
0.0004 -0.0004 0 0 1000 1000 0 0.00016 0.001 0.00048 1 0 1
0.0004 -0.0008 0 0 1000 1000 0 0.00016 0.001 0.00048 1 0 1
0.0004 -0.0012000000000000001 0 0 1000 1000 0 0.00016 0.001 0.00048 1 0 1
0.0006000000000000001 -0.0004 0 0 1000 1000 0 0.00016 0.001 0.00048 1 0 1
0.0006000000000000001 -0.0008 0 0 1000 1000 0 0.00016 0.001 0.00048 1 0 1
0.0006000000000000001 -0.0012000000000000001 0 0 1000 1000 0 0.00016 0.001 0.00048 1 0 1
0.0008 -0.0004 0 0 1000 1000 0 0.00016 0.001 0.00048 1 0 1
0.0008 -0.0008 0 0 1000 1000 0 0.00016 0.001 0.00048 1 0 1
0.0008 -0.0012000000000000001 0 0 1000 1000 0 0.00016 0.001 0.00048 1 0 1
0.001 -0.0004 0 0 1000 1000 0 0.00016 0.001 0.00048 1 0 1
0.001 -0.0008 0 0 1000 1000 0 0.00016 0.001 0.00048 1 0 1
0.001 -0.0012000000000000001 0 0 1000 1000 0 0.00016 0.001 0.00048 1 0 1
0.0012000000000000001 -0.0004 0 0 1000 1000 0 0.00016 0.001 0.00048 1 0 1
0.0012000000000000001 -0.0008 0 0 1000 1000 0 0.00016 0.001 0.00048 1 0 1
0.0012000000000000001 -0.0012000000000000001 0 0 1000 1000 0 0.00016 0.001 0.00048 1 0 1
0.0014 -0.0004 0 0 1000 1000 0 0.00016 0.001 0.00048 1 0 1
0.0014 -0.0008 0 0 1000 1000 0 0.00016 0.001 0.00048 1 0 1
0.0014 -0.0012000000000000001 0 0 1000 1000 0 0.00016 0.001 0.00048 1 0 1
0.0016 -0.0004 0 0 1000 1000 0 0.00016 0.001 0.00048 1 0 1
0.0016 -0.0008 0 0 1000 1000 0 0.00016 0.001 0.00048 1 0 1
0.0016 -0.0012000000000000001 0 0 1000 1000 0 0.00016 0.001 0.00048 1 0 1
0.0018000000000000002 -0.0004 0 0 1000 1000 0 0.00016 0.001 0.00048 1 0 1
0.0018000000000000002 -0.0008 0 0 1000 1000 0 0.00016 0.001 0.00048 1 0 1
0.0018000000000000002 -0.0012000000000000001 0 0 1000 1000 0 0.00016 0.001 0.00048 1 0 1
0.002 -0.0004 0 0 1000 1000 0 0.00016 0.001 0.00048 1 0 1
0.002 -0.0008 0 0 1000 1000 0 0.00016 0.001 0.00048 1 0 1
0.002 -0.0012000000000000001 0 0 1000 1000 0 0.00016 0.001 0.00048 1 0 1
0.0022 -0.0004 0 0 1000 1000 0 0.00016 0.001 0.00048 1 0 1
0.0022 -0.0008 0 0 1000 1000 0 0.00016 0.001 0.00048 1 0 1
0.0022 -0.0012000000000000001 0 0 1000 1000 0 0.00016 0.001 0.00048 1 0 1
0.0024000000000000002 -0.0004 0 0 1000 1000 0 0.00016 0.001 0.00048 1 0 1
0.0024000000000000002 -0.0008 0 0 1000 1000 0 0.00016 0.001 0.00048 1 0 1
0.0024000000000000002 -0.0012000000000000001 0 0 1000 1000 0 0.00016 0.001 0.00048 1 0 1
0.0026000000000000003 -0.0004 0 0 1000 1000 0 0.00016 0.001 0.00048 1 0 1
0.0026000000000000003 -0.0008 0 0 1000 1000 0 0.00016 0.001 0.00048 1 0 1
0.0026000000000000003 -0.0012000000000000001 0 0 1000 1000 0 0.00016 0.001 0.00048 1 0 1
0.0028 -0.0004 0 0 1000 1000 0 0.00016 0.001 0.00048 1 0 1
0.0028 -0.0008 0 0 1000 1000 0 0.00016 0.001 0.00048 1 0 1
0.0028 -0.0012000000000000001 0 0 1000 1000 0 0.00016 0.001 0.00048 1 0 1
0.003 -0.0004 0 0 1000 1000 0 0.00016 0.001 0.00048 1 0 1
0.003 -0.0008 0 0 1000 1000 0 0.00016 0.001 0.00048 1 0 1
0.003 -0.0012000000000000001 0 0 1000 1000 0 0.00016 0.001 0.00048 1 0 1
0.0032 -0.0004 0 0 1000 1000 0 0.00016 0.001 0.00048 1 0 1
0.0032 -0.0008 0 0 1000 1000 0 0.00016 0.001 0.00048 1 0 1
0.0032 -0.0012000000000000001 0 0 1000 1000 0 0.00016 0.001 0.00048 1 0 1
0.0034000000000000002 -0.0004 0 0 1000 1000 0 0.00016 0.001 0.00048 1 0 1
0.0034000000000000002 -0.0008 0 0 1000 1000 0 0.00016 0.001 0.00048 1 0 1
0.0034000000000000002 -0.0012000000000000001 0 0 1000 1000 0 0.00016 0.001 0.00048 1 0 1
0.0036000000000000003 -0.0004 0 0 1000 1000 0 0.00016 0.001 0.00048 1 0 1
0.0036000000000000003 -0.0008 0 0 1000 1000 0 0.00016 0.001 0.00048 1 0 1
0.0036000000000000003 -0.0012000000000000001 0 0 1000 1000 0 0.00016 0.001 0.00048 1 0 1
0.0038 -0.0004 0 0 1000 1000 0 0.00016 0.001 0.00048 1 0 1
0.0038 -0.0008 0 0 1000 1000 0 0.00016 0.001 0.00048 1 0 1
0.0038 -0.0012000000000000001 0 0 1000 1000 0 0.00016 0.001 0.00048 1 0 1
0.004 -0.0004 0 0 1000 1000 0 0.00016 0.001 0.00048 1 0 1
0.004 -0.0008 0 0 1000 1000 0 0.00016 0.001 0.00048 1 0 1
0.004 -0.0012000000000000001 0 0 1000 1000 0 0.00016 0.001 0.00048 1 0 1
0.004200000000000001 -0.0004 0 0 1000 1000 0 0.00016 0.001 0.00048 1 0 1
0.004200000000000001 -0.0008 0 0 1000 1000 0 0.00016 0.001 0.00048 1 0 1
0.004200000000000001 -0.0012000000000000001 0 0 1000 1000 0 0.00016 0.001 0.00048 1 0 1
0.0044 -0.0004 0 0 1000 1000 0 0.00016 0.001 0.00048 1 0 1
0.0044 -0.0008 0 0 1000 1000 0 0.00016 0.001 0.00048 1 0 1
0.0044 -0.0012000000000000001 0 0 1000 1000 0 0.00016 0.001 0.00048 1 0 1
0.0046 -0.0004 0 0 1000 1000 0 0.00016 0.001 0.00048 1 0 1
0.0046 -0.0008 0 0 1000 1000 0 0.00016 0.001 0.00048 1 0 1
0.0046 -0.0012000000000000001 0 0 1000 1000 0 0.00016 0.001 0.00048 1 0 1
0.0048000000000000004 -0.0004 0 0 1000 1000 0 0.00016 0.001 0.00048 1 0 1
0.0048000000000000004 -0.0008 0 0 1000 1000 0 0.00016 0.001 0.00048 1 0 1
0.0048000000000000004 -0.0012000000000000001 0 0 1000 1000 0 0.00016 0.001 0.00048 1 0 1
0.005 -0.0004 0 0 1000 1000 0 0.00016 0.001 0.00048 1 0 1
0.005 -0.0008 0 0 1000 1000 0 0.00016 0.001 0.00048 1 0 1
0.005 -0.0012000000000000001 0 0 1000 1000 0 0.00016 0.001 0.00048 1 0 1
0.005200000000000001 -0.0004 0 0 1000 1000 0 0.00016 0.001 0.00048 1 0 1
0.005200000000000001 -0.0008 0 0 1000 1000 0 0.00016 0.001 0.00048 1 0 1
0.005200000000000001 -0.0012000000000000001 0 0 1000 1000 0 0.00016 0.001 0.00048 1 0 1
0.0054 -0.0004 0 0 1000 1000 0 0.00016 0.001 0.00048 1 0 1
0.0054 -0.0008 0 0 1000 1000 0 0.00016 0.001 0.00048 1 0 1
0.0054 -0.0012000000000000001 0 0 1000 1000 0 0.00016 0.001 0.00048 1 0 1
0.0056 -0.0004 0 0 1000 1000 0 0.00016 0.001 0.00048 1 0 1
0.0056 -0.0008 0 0 1000 1000 0 0.00016 0.001 0.00048 1 0 1
0.0056 -0.0012000000000000001 0 0 1000 1000 0 0.00016 0.001 0.00048 1 0 1
0.0058000000000000005 -0.0004 0 0 1000 1000 0 0.00016 0.001 0.00048 1 0 1
0.0058000000000000005 -0.0008 0 0 1000 1000 0 0.00016 0.001 0.00048 1 0 1
0.0058000000000000005 -0.0012000000000000001 0 0 1000 1000 0 0.00016 0.001 0.00048 1 0 1
0.006 -0.0004 0 0 1000 1000 0 0.00016 0.001 0.00048 1 0 1
0.006 -0.0008 0 0 1000 1000 0 0.00016 0.001 0.00048 1 0 1
0.006 -0.0012000000000000001 0 0 1000 1000 0 0.00016 0.001 0.00048 1 0 1
0.006200000000000001 -0.0004 0 0 1000 1000 0 0.00016 0.001 0.00048 1 0 1
0.006200000000000001 -0.0008 0 0 1000 1000 0 0.00016 0.001 0.00048 1 0 1
0.006200000000000001 -0.0012000000000000001 0 0 1000 1000 0 0.00016 0.001 0.00048 1 0 1
0.0064 -0.0004 0 0 1000 1000 0 0.00016 0.001 0.00048 1 0 1
0.0064 -0.0008 0 0 1000 1000 0 0.00016 0.001 0.00048 1 0 1
0.0064 -0.0012000000000000001 0 0 1000 1000 0 0.00016 0.001 0.00048 1 0 1
0.0066 -0.0004 0 0 1000 1000 0 0.00016 0.001 0.00048 1 0 1
0.0066 -0.0008 0 0 1000 1000 0 0.00016 0.001 0.00048 1 0 1
0.0066 -0.0012000000000000001 0 0 1000 1000 0 0.00016 0.001 0.00048 1 0 1
0.0068000000000000005 -0.0004 0 0 1000 1000 0 0.00016 0.001 0.00048 1 0 1
0.0068000000000000005 -0.0008 0 0 1000 1000 0 0.00016 0.001 0.00048 1 0 1
0.0068000000000000005 -0.0012000000000000001 0 0 1000 1000 0 0.00016 0.001 0.00048 1 0 1
0.007 -0.0004 0 0 1000 1000 0 0.00016 0.001 0.00048 1 0 1
0.007 -0.0008 0 0 1000 1000 0 0.00016 0.001 0.00048 1 0 1
0.007 -0.0012000000000000001 0 0 1000 1000 0 0.00016 0.001 0.00048 1 0 1
0.007200000000000001 -0.0004 0 0 1000 1000 0 0.00016 0.001 0.00048 1 0 1
0.007200000000000001 -0.0008 0 0 1000 1000 0 0.00016 0.001 0.00048 1 0 1
0.007200000000000001 -0.0012000000000000001 0 0 1000 1000 0 0.00016 0.001 0.00048 1 0 1
0.0074 -0.0004 0 0 1000 1000 0 0.00016 0.001 0.00048 1 0 1
0.0074 -0.0008 0 0 1000 1000 0 0.00016 0.001 0.00048 1 0 1
0.0074 -0.0012000000000000001 0 0 1000 1000 0 0.00016 0.001 0.00048 1 0 1
0.0076 -0.0004 0 0 1000 1000 0 0.00016 0.001 0.00048 1 0 1
0.0076 -0.0008 0 0 1000 1000 0 0.00016 0.001 0.00048 1 0 1
0.0076 -0.0012000000000000001 0 0 1000 1000 0 0.00016 0.001 0.00048 1 0 1
0.0078000000000000005 -0.0004 0 0 1000 1000 0 0.00016 0.001 0.00048 1 0 1
0.0078000000000000005 -0.0008 0 0 1000 1000 0 0.00016 0.001 0.00048 1 0 1
0.0078000000000000005 -0.0012000000000000001 0 0 1000 1000 0 0.00016 0.001 0.00048 1 0 1
0.008 -0.0004 0 0 1000 1000 0 0.00016 0.001 0.00048 1 0 1
0.008 -0.0008 0 0 1000 1000 0 0.00016 0.001 0.00048 1 0 1
0.008 -0.0012000000000000001 0 0 1000 1000 0 0.00016 0.001 0.00048 1 0 1
0.0082 -0.0004 0 0 1000 1000 0 0.00016 0.001 0.00048 1 0 1
0.0082 -0.0008 0 0 1000 1000 0 0.00016 0.001 0.00048 1 0 1
0.0082 -0.0012000000000000001 0 0 1000 1000 0 0.00016 0.001 0.00048 1 0 1
0.008400000000000001 -0.0004 0 0 1000 1000 0 0.00016 0.001 0.00048 1 0 1
0.008400000000000001 -0.0008 0 0 1000 1000 0 0.00016 0.001 0.00048 1 0 1
0.008400000000000001 -0.0012000000000000001 0 0 1000 1000 0 0.00016 0.001 0.00048 1 0 1
0.0086 -0.0004 0 0 1000 1000 0 0.00016 0.001 0.00048 1 0 1
0.0086 -0.0008 0 0 1000 1000 0 0.00016 0.001 0.00048 1 0 1
0.0086 -0.0012000000000000001 0 0 1000 1000 0 0.00016 0.001 0.00048 1 0 1
0.0088 -0.0004 0 0 1000 1000 0 0.00016 0.001 0.00048 1 0 1
0.0088 -0.0008 0 0 1000 1000 0 0.00016 0.001 0.00048 1 0 1
0.0088 -0.0012000000000000001 0 0 1000 1000 0 0.00016 0.001 0.00048 1 0 1
0.009000000000000001 -0.0004 0 0 1000 1000 0 0.00016 0.001 0.00048 1 0 1
0.009000000000000001 -0.0008 0 0 1000 1000 0 0.00016 0.001 0.00048 1 0 1
0.009000000000000001 -0.0012000000000000001 0 0 1000 1000 0 0.00016 0.001 0.00048 1 0 1
0.0092 -0.0004 0 0 1000 1000 0 0.00016 0.001 0.00048 1 0 1
0.0092 -0.0008 0 0 1000 1000 0 0.00016 0.001 0.00048 1 0 1
0.0092 -0.0012000000000000001 0 0 1000 1000 0 0.00016 0.001 0.00048 1 0 1
0.0094 -0.0004 0 0 1000 1000 0 0.00016 0.001 0.00048 1 0 1
0.0094 -0.0008 0 0 1000 1000 0 0.00016 0.001 0.00048 1 0 1
0.0094 -0.0012000000000000001 0 0 1000 1000 0 0.00016 0.001 0.00048 1 0 1
0.009600000000000001 -0.0004 0 0 1000 1000 0 0.00016 0.001 0.00048 1 0 1
0.009600000000000001 -0.0008 0 0 1000 1000 0 0.00016 0.001 0.00048 1 0 1
0.009600000000000001 -0.0012000000000000001 0 0 1000 1000 0 0.00016 0.001 0.00048 1 0 1
0.0098 -0.0004 0 0 1000 1000 0 0.00016 0.001 0.00048 1 0 1
0.0098 -0.0008 0 0 1000 1000 0 0.00016 0.001 0.00048 1 0 1
0.0098 -0.0012000000000000001 0 0 1000 1000 0 0.00016 0.001 0.00048 1 0 1
0.01 -0.0004 0 0 1000 1000 0 0.00016 0.001 0.00048 1 0 1
0.01 -0.0008 0 0 1000 1000 0 0.00016 0.001 0.00048 1 0 1
0.01 -0.0012000000000000001 0 0 1000 1000 0 0.00016 0.001 0.00048 1 0 1
0.0102 -0.0004 0 0 1000 1000 0 0.00016 0.001 0.00048 1 0 1
0.0102 -0.0008 0 0 1000 1000 0 0.00016 0.001 0.00048 1 0 1
0.0102 -0.0012000000000000001 0 0 1000 1000 0 0.00016 0.001 0.00048 1 0 1
0.010400000000000001 -0.0004 0 0 1000 1000 0 0.00016 0.001 0.00048 1 0 1
0.010400000000000001 -0.0008 0 0 1000 1000 0 0.00016 0.001 0.00048 1 0 1
0.010400000000000001 -0.0012000000000000001 0 0 1000 1000 0 0.00016 0.001 0.00048 1 0 1
0.0106 -0.0004 0 0 1000 1000 0 0.00016 0.001 0.00048 1 0 1
0.0106 -0.0008 0 0 1000 1000 0 0.00016 0.001 0.00048 1 0 1
0.0106 -0.0012000000000000001 0 0 1000 1000 0 0.00016 0.001 0.00048 1 0 1
0.0108 -0.0004 0 0 1000 1000 0 0.00016 0.001 0.00048 1 0 1
0.0108 -0.0008 0 0 1000 1000 0 0.00016 0.001 0.00048 1 0 1
0.0108 -0.0012000000000000001 0 0 1000 1000 0 0.00016 0.001 0.00048 1 0 1
0.011000000000000001 -0.0004 0 0 1000 1000 0 0.00016 0.001 0.00048 1 0 1
0.011000000000000001 -0.0008 0 0 1000 1000 0 0.00016 0.001 0.00048 1 0 1
0.011000000000000001 -0.0012000000000000001 0 0 1000 1000 0 0.00016 0.001 0.00048 1 0 1
0.0112 -0.0004 0 0 1000 1000 0 0.00016 0.001 0.00048 1 0 1
0.0112 -0.0008 0 0 1000 1000 0 0.00016 0.001 0.00048 1 0 1
0.0112 -0.0012000000000000001 0 0 1000 1000 0 0.00016 0.001 0.00048 1 0 1
0.0114 -0.0004 0 0 1000 1000 0 0.00016 0.001 0.00048 1 0 1
0.0114 -0.0008 0 0 1000 1000 0 0.00016 0.001 0.00048 1 0 1
0.0114 -0.0012000000000000001 0 0 1000 1000 0 0.00016 0.001 0.00048 1 0 1
0.011600000000000001 -0.0004 0 0 1000 1000 0 0.00016 0.001 0.00048 1 0 1
0.011600000000000001 -0.0008 0 0 1000 1000 0 0.00016 0.001 0.00048 1 0 1
0.011600000000000001 -0.0012000000000000001 0 0 1000 1000 0 0.00016 0.001 0.00048 1 0 1
0.0118 -0.0004 0 0 1000 1000 0 0.00016 0.001 0.00048 1 0 1
0.0118 -0.0008 0 0 1000 1000 0 0.00016 0.001 0.00048 1 0 1
0.0118 -0.0012000000000000001 0 0 1000 1000 0 0.00016 0.001 0.00048 1 0 1
0.012 -0.0004 0 0 1000 1000 0 0.00016 0.001 0.00048 1 0 1
0.012 -0.0008 0 0 1000 1000 0 0.00016 0.001 0.00048 1 0 1
0.012 -0.0012000000000000001 0 0 1000 1000 0 0.00016 0.001 0.00048 1 0 1
0.0122 -0.0004 0 0 1000 1000 0 0.00016 0.001 0.00048 1 0 1
0.0122 -0.0008 0 0 1000 1000 0 0.00016 0.001 0.00048 1 0 1
0.0122 -0.0012000000000000001 0 0 1000 1000 0 0.00016 0.001 0.00048 1 0 1
0.012400000000000001 -0.0004 0 0 1000 1000 0 0.00016 0.001 0.00048 1 0 1
0.012400000000000001 -0.0008 0 0 1000 1000 0 0.00016 0.001 0.00048 1 0 1
0.012400000000000001 -0.0012000000000000001 0 0 1000 1000 0 0.00016 0.001 0.00048 1 0 1
0.0126 -0.0004 0 0 1000 1000 0 0.00016 0.001 0.00048 1 0 1
0.0126 -0.0008 0 0 1000 1000 0 0.00016 0.001 0.00048 1 0 1
0.0126 -0.0012000000000000001 0 0 1000 1000 0 0.00016 0.001 0.00048 1 0 1
0.0128 -0.0004 0 0 1000 1000 0 0.00016 0.001 0.00048 1 0 1
0.0128 -0.0008 0 0 1000 1000 0 0.00016 0.001 0.00048 1 0 1
0.0128 -0.0012000000000000001 0 0 1000 1000 0 0.00016 0.001 0.00048 1 0 1
0.013000000000000001 -0.0004 0 0 1000 1000 0 0.00016 0.001 0.00048 1 0 1
0.013000000000000001 -0.0008 0 0 1000 1000 0 0.00016 0.001 0.00048 1 0 1
0.013000000000000001 -0.0012000000000000001 0 0 1000 1000 0 0.00016 0.001 0.00048 1 0 1
0.0132 -0.0004 0 0 1000 1000 0 0.00016 0.001 0.00048 1 0 1
0.0132 -0.0008 0 0 1000 1000 0 0.00016 0.001 0.00048 1 0 1
0.0132 -0.0012000000000000001 0 0 1000 1000 0 0.00016 0.001 0.00048 1 0 1
0.0134 -0.0004 0 0 1000 1000 0 0.00016 0.001 0.00048 1 0 1
0.0134 -0.0008 0 0 1000 1000 0 0.00016 0.001 0.00048 1 0 1
0.0134 -0.0012000000000000001 0 0 1000 1000 0 0.00016 0.001 0.00048 1 0 1
0.013600000000000001 -0.0004 0 0 1000 1000 0 0.00016 0.001 0.00048 1 0 1
0.013600000000000001 -0.0008 0 0 1000 1000 0 0.00016 0.001 0.00048 1 0 1
0.013600000000000001 -0.0012000000000000001 0 0 1000 1000 0 0.00016 0.001 0.00048 1 0 1
0.013800000000000002 -0.0004 0 0 1000 1000 0 0.00016 0.001 0.00048 1 0 1
0.013800000000000002 -0.0008 0 0 1000 1000 0 0.00016 0.001 0.00048 1 0 1
0.013800000000000002 -0.0012000000000000001 0 0 1000 1000 0 0.00016 0.001 0.00048 1 0 1
0.014 -0.0004 0 0 1000 1000 0 0.00016 0.001 0.00048 1 0 1
0.014 -0.0008 0 0 1000 1000 0 0.00016 0.001 0.00048 1 0 1
0.014 -0.0012000000000000001 0 0 1000 1000 0 0.00016 0.001 0.00048 1 0 1
0.0142 -0.0004 0 0 1000 1000 0 0.00016 0.001 0.00048 1 0 1
0.0142 -0.0008 0 0 1000 1000 0 0.00016 0.001 0.00048 1 0 1
0.0142 -0.0012000000000000001 0 0 1000 1000 0 0.00016 0.001 0.00048 1 0 1
0.014400000000000001 -0.0004 0 0 1000 1000 0 0.00016 0.001 0.00048 1 0 1
0.014400000000000001 -0.0008 0 0 1000 1000 0 0.00016 0.001 0.00048 1 0 1
0.014400000000000001 -0.0012000000000000001 0 0 1000 1000 0 0.00016 0.001 0.00048 1 0 1
0.0146 -0.0004 0 0 1000 1000 0 0.00016 0.001 0.00048 1 0 1
0.0146 -0.0008 0 0 1000 1000 0 0.00016 0.001 0.00048 1 0 1
0.0146 -0.0012000000000000001 0 0 1000 1000 0 0.00016 0.001 0.00048 1 0 1
0.0148 -0.0004 0 0 1000 1000 0 0.00016 0.001 0.00048 1 0 1
0.0148 -0.0008 0 0 1000 1000 0 0.00016 0.001 0.00048 1 0 1
0.0148 -0.0012000000000000001 0 0 1000 1000 0 0.00016 0.001 0.00048 1 0 1
0.015000000000000001 -0.0004 0 0 1000 1000 0 0.00016 0.001 0.00048 1 0 1
0.015000000000000001 -0.0008 0 0 1000 1000 0 0.00016 0.001 0.00048 1 0 1
0.015000000000000001 -0.0012000000000000001 0 0 1000 1000 0 0.00016 0.001 0.00048 1 0 1
0.0152 -0.0004 0 0 1000 1000 0 0.00016 0.001 0.00048 1 0 1
0.0152 -0.0008 0 0 1000 1000 0 0.00016 0.001 0.00048 1 0 1
0.0152 -0.0012000000000000001 0 0 1000 1000 0 0.00016 0.001 0.00048 1 0 1
0.0154 -0.0004 0 0 1000 1000 0 0.00016 0.001 0.00048 1 0 1
0.0154 -0.0008 0 0 1000 1000 0 0.00016 0.001 0.00048 1 0 1
0.0154 -0.0012000000000000001 0 0 1000 1000 0 0.00016 0.001 0.00048 1 0 1
0.015600000000000001 -0.0004 0 0 1000 1000 0 0.00016 0.001 0.00048 1 0 1
0.015600000000000001 -0.0008 0 0 1000 1000 0 0.00016 0.001 0.00048 1 0 1
0.015600000000000001 -0.0012000000000000001 0 0 1000 1000 0 0.00016 0.001 0.00048 1 0 1
0.0158 -0.0004 0 0 1000 1000 0 0.00016 0.001 0.00048 1 0 1
0.0158 -0.0008 0 0 1000 1000 0 0.00016 0.001 0.00048 1 0 1
0.0158 -0.0012000000000000001 0 0 1000 1000 0 0.00016 0.001 0.00048 1 0 1
0.016 -0.0004 0 0 1000 1000 0 0.00016 0.001 0.00048 1 0 1
0.016 -0.0008 0 0 1000 1000 0 0.00016 0.001 0.00048 1 0 1
0.016 -0.0012000000000000001 0 0 1000 1000 0 0.00016 0.001 0.00048 1 0 1
0.0162 -0.0004 0 0 1000 1000 0 0.00016 0.001 0.00048 1 0 1
0.0162 -0.0008 0 0 1000 1000 0 0.00016 0.001 0.00048 1 0 1
0.0162 -0.0012000000000000001 0 0 1000 1000 0 0.00016 0.001 0.00048 1 0 1
0.0164 -0.0004 0 0 1000 1000 0 0.00016 0.001 0.00048 1 0 1
0.0164 -0.0008 0 0 1000 1000 0 0.00016 0.001 0.00048 1 0 1
0.0164 -0.0012000000000000001 0 0 1000 1000 0 0.00016 0.001 0.00048 1 0 1
0.0166 -0.0004 0 0 1000 1000 0 0.00016 0.001 0.00048 1 0 1
0.0166 -0.0008 0 0 1000 1000 0 0.00016 0.001 0.00048 1 0 1
0.0166 -0.0012000000000000001 0 0 1000 1000 0 0.00016 0.001 0.00048 1 0 1
0.016800000000000002 -0.0004 0 0 1000 1000 0 0.00016 0.001 0.00048 1 0 1
0.016800000000000002 -0.0008 0 0 1000 1000 0 0.00016 0.001 0.00048 1 0 1
0.016800000000000002 -0.0012000000000000001 0 0 1000 1000 0 0.00016 0.001 0.00048 1 0 1
0.017 -0.0004 0 0 1000 1000 0 0.00016 0.001 0.00048 1 0 1
0.017 -0.0008 0 0 1000 1000 0 0.00016 0.001 0.00048 1 0 1
0.017 -0.0012000000000000001 0 0 1000 1000 0 0.00016 0.001 0.00048 1 0 1
0.0172 -0.0004 0 0 1000 1000 0 0.00016 0.001 0.00048 1 0 1
0.0172 -0.0008 0 0 1000 1000 0 0.00016 0.001 0.00048 1 0 1
0.0172 -0.0012000000000000001 0 0 1000 1000 0 0.00016 0.001 0.00048 1 0 1
0.017400000000000002 -0.0004 0 0 1000 1000 0 0.00016 0.001 0.00048 1 0 1
0.017400000000000002 -0.0008 0 0 1000 1000 0 0.00016 0.001 0.00048 1 0 1
0.017400000000000002 -0.0012000000000000001 0 0 1000 1000 0 0.00016 0.001 0.00048 1 0 1
0.0176 -0.0004 0 0 1000 1000 0 0.00016 0.001 0.00048 1 0 1
0.0176 -0.0008 0 0 1000 1000 0 0.00016 0.001 0.00048 1 0 1
0.0176 -0.0012000000000000001 0 0 1000 1000 0 0.00016 0.001 0.00048 1 0 1
0.0178 -0.0004 0 0 1000 1000 0 0.00016 0.001 0.00048 1 0 1
0.0178 -0.0008 0 0 1000 1000 0 0.00016 0.001 0.00048 1 0 1
0.0178 -0.0012000000000000001 0 0 1000 1000 0 0.00016 0.001 0.00048 1 0 1
0.018000000000000002 -0.0004 0 0 1000 1000 0 0.00016 0.001 0.00048 1 0 1
0.018000000000000002 -0.0008 0 0 1000 1000 0 0.00016 0.001 0.00048 1 0 1
0.018000000000000002 -0.0012000000000000001 0 0 1000 1000 0 0.00016 0.001 0.00048 1 0 1
0.0182 -0.0004 0 0 1000 1000 0 0.00016 0.001 0.00048 1 0 1
0.0182 -0.0008 0 0 1000 1000 0 0.00016 0.001 0.00048 1 0 1
0.0182 -0.0012000000000000001 0 0 1000 1000 0 0.00016 0.001 0.00048 1 0 1
0.0184 -0.0004 0 0 1000 1000 0 0.00016 0.001 0.00048 1 0 1
0.0184 -0.0008 0 0 1000 1000 0 0.00016 0.001 0.00048 1 0 1
0.0184 -0.0012000000000000001 0 0 1000 1000 0 0.00016 0.001 0.00048 1 0 1
0.018600000000000002 -0.0004 0 0 1000 1000 0 0.00016 0.001 0.00048 1 0 1
0.018600000000000002 -0.0008 0 0 1000 1000 0 0.00016 0.001 0.00048 1 0 1
0.018600000000000002 -0.0012000000000000001 0 0 1000 1000 0 0.00016 0.001 0.00048 1 0 1
0.0188 -0.0004 0 0 1000 1000 0 0.00016 0.001 0.00048 1 0 1
0.0188 -0.0008 0 0 1000 1000 0 0.00016 0.001 0.00048 1 0 1
0.0188 -0.0012000000000000001 0 0 1000 1000 0 0.00016 0.001 0.00048 1 0 1
0.019 -0.0004 0 0 1000 1000 0 0.00016 0.001 0.00048 1 0 1
0.019 -0.0008 0 0 1000 1000 0 0.00016 0.001 0.00048 1 0 1
0.019 -0.0012000000000000001 0 0 1000 1000 0 0.00016 0.001 0.00048 1 0 1
0.019200000000000002 -0.0004 0 0 1000 1000 0 0.00016 0.001 0.00048 1 0 1
0.019200000000000002 -0.0008 0 0 1000 1000 0 0.00016 0.001 0.00048 1 0 1
0.019200000000000002 -0.0012000000000000001 0 0 1000 1000 0 0.00016 0.001 0.00048 1 0 1
0.0194 -0.0004 0 0 1000 1000 0 0.00016 0.001 0.00048 1 0 1
0.0194 -0.0008 0 0 1000 1000 0 0.00016 0.001 0.00048 1 0 1
0.0194 -0.0012000000000000001 0 0 1000 1000 0 0.00016 0.001 0.00048 1 0 1
0.0196 -0.0004 0 0 1000 1000 0 0.00016 0.001 0.00048 1 0 1
0.0196 -0.0008 0 0 1000 1000 0 0.00016 0.001 0.00048 1 0 1
0.0196 -0.0012000000000000001 0 0 1000 1000 0 0.00016 0.001 0.00048 1 0 1
0.0198 -0.0004 0 0 1000 1000 0 0.00016 0.001 0.00048 1 0 1
0.0198 -0.0008 0 0 1000 1000 0 0.00016 0.001 0.00048 1 0 1
0.0198 -0.0012000000000000001 0 0 1000 1000 0 0.00016 0.001 0.00048 1 0 1
0 0.0 0 0 1000 1000 0 0.00016 0.001 0.00048 1 0 1
0.0004 0.0 0 0 1000 1000 0 0.00016 0.001 0.00048 1 0 1
0.0008 0.0 0 0 1000 1000 0 0.00016 0.001 0.00048 1 0 1
0.0196 0.0 0 0 1000 1000 0 0.00016 0.001 0.00048 1 0 1
0.019200000000000002 0.0 0 0 1000 1000 0 0.00016 0.001 0.00048 1 0 1
0.0188 0.0 0 0 1000 1000 0 0.00016 0.001 0.00048 1 0 1
0 0.0002 0 0 1000 1000 0 0.00016 0.001 0.00048 1 0 1
0.0004 0.0002 0 0 1000 1000 0 0.00016 0.001 0.00048 1 0 1
0.0008 0.0002 0 0 1000 1000 0 0.00016 0.001 0.00048 1 0 1
0.0196 0.0002 0 0 1000 1000 0 0.00016 0.001 0.00048 1 0 1
0.019200000000000002 0.0002 0 0 1000 1000 0 0.00016 0.001 0.00048 1 0 1
0.0188 0.0002 0 0 1000 1000 0 0.00016 0.001 0.00048 1 0 1
0 0.0004 0 0 1000 1000 0 0.00016 0.001 0.00048 1 0 1
0.0004 0.0004 0 0 1000 1000 0 0.00016 0.001 0.00048 1 0 1
0.0008 0.0004 0 0 1000 1000 0 0.00016 0.001 0.00048 1 0 1
0.0196 0.0004 0 0 1000 1000 0 0.00016 0.001 0.00048 1 0 1
0.019200000000000002 0.0004 0 0 1000 1000 0 0.00016 0.001 0.00048 1 0 1
0.0188 0.0004 0 0 1000 1000 0 0.00016 0.001 0.00048 1 0 1
0 0.0006000000000000001 0 0 1000 1000 0 0.00016 0.001 0.00048 1 0 1
0.0004 0.0006000000000000001 0 0 1000 1000 0 0.00016 0.001 0.00048 1 0 1
0.0008 0.0006000000000000001 0 0 1000 1000 0 0.00016 0.001 0.00048 1 0 1
0.0196 0.0006000000000000001 0 0 1000 1000 0 0.00016 0.001 0.00048 1 0 1
0.019200000000000002 0.0006000000000000001 0 0 1000 1000 0 0.00016 0.001 0.00048 1 0 1
0.0188 0.0006000000000000001 0 0 1000 1000 0 0.00016 0.001 0.00048 1 0 1
0 0.0008 0 0 1000 1000 0 0.00016 0.001 0.00048 1 0 1
0.0004 0.0008 0 0 1000 1000 0 0.00016 0.001 0.00048 1 0 1
0.0008 0.0008 0 0 1000 1000 0 0.00016 0.001 0.00048 1 0 1
0.0196 0.0008 0 0 1000 1000 0 0.00016 0.001 0.00048 1 0 1
0.019200000000000002 0.0008 0 0 1000 1000 0 0.00016 0.001 0.00048 1 0 1
0.0188 0.0008 0 0 1000 1000 0 0.00016 0.001 0.00048 1 0 1
0 0.001 0 0 1000 1000 0 0.00016 0.001 0.00048 1 0 1
0.0004 0.001 0 0 1000 1000 0 0.00016 0.001 0.00048 1 0 1
0.0008 0.001 0 0 1000 1000 0 0.00016 0.001 0.00048 1 0 1
0.0196 0.001 0 0 1000 1000 0 0.00016 0.001 0.00048 1 0 1
0.019200000000000002 0.001 0 0 1000 1000 0 0.00016 0.001 0.00048 1 0 1
0.0188 0.001 0 0 1000 1000 0 0.00016 0.001 0.00048 1 0 1
0 0.0012000000000000001 0 0 1000 1000 0 0.00016 0.001 0.00048 1 0 1
0.0004 0.0012000000000000001 0 0 1000 1000 0 0.00016 0.001 0.00048 1 0 1
0.0008 0.0012000000000000001 0 0 1000 1000 0 0.00016 0.001 0.00048 1 0 1
0.0196 0.0012000000000000001 0 0 1000 1000 0 0.00016 0.001 0.00048 1 0 1
0.019200000000000002 0.0012000000000000001 0 0 1000 1000 0 0.00016 0.001 0.00048 1 0 1
0.0188 0.0012000000000000001 0 0 1000 1000 0 0.00016 0.001 0.00048 1 0 1
0 0.0014 0 0 1000 1000 0 0.00016 0.001 0.00048 1 0 1
0.0004 0.0014 0 0 1000 1000 0 0.00016 0.001 0.00048 1 0 1
0.0008 0.0014 0 0 1000 1000 0 0.00016 0.001 0.00048 1 0 1
0.0196 0.0014 0 0 1000 1000 0 0.00016 0.001 0.00048 1 0 1
0.019200000000000002 0.0014 0 0 1000 1000 0 0.00016 0.001 0.00048 1 0 1
0.0188 0.0014 0 0 1000 1000 0 0.00016 0.001 0.00048 1 0 1
0 0.0016 0 0 1000 1000 0 0.00016 0.001 0.00048 1 0 1
0.0004 0.0016 0 0 1000 1000 0 0.00016 0.001 0.00048 1 0 1
0.0008 0.0016 0 0 1000 1000 0 0.00016 0.001 0.00048 1 0 1
0.0196 0.0016 0 0 1000 1000 0 0.00016 0.001 0.00048 1 0 1
0.019200000000000002 0.0016 0 0 1000 1000 0 0.00016 0.001 0.00048 1 0 1
0.0188 0.0016 0 0 1000 1000 0 0.00016 0.001 0.00048 1 0 1
0 0.0018000000000000002 0 0 1000 1000 0 0.00016 0.001 0.00048 1 0 1
0.0004 0.0018000000000000002 0 0 1000 1000 0 0.00016 0.001 0.00048 1 0 1
0.0008 0.0018000000000000002 0 0 1000 1000 0 0.00016 0.001 0.00048 1 0 1
0.0196 0.0018000000000000002 0 0 1000 1000 0 0.00016 0.001 0.00048 1 0 1
0.019200000000000002 0.0018000000000000002 0 0 1000 1000 0 0.00016 0.001 0.00048 1 0 1
0.0188 0.0018000000000000002 0 0 1000 1000 0 0.00016 0.001 0.00048 1 0 1
0 0.002 0 0 1000 1000 0 0.00016 0.001 0.00048 1 0 1
0.0004 0.002 0 0 1000 1000 0 0.00016 0.001 0.00048 1 0 1
0.0008 0.002 0 0 1000 1000 0 0.00016 0.001 0.00048 1 0 1
0.0196 0.002 0 0 1000 1000 0 0.00016 0.001 0.00048 1 0 1
0.019200000000000002 0.002 0 0 1000 1000 0 0.00016 0.001 0.00048 1 0 1
0.0188 0.002 0 0 1000 1000 0 0.00016 0.001 0.00048 1 0 1
0 0.0022 0 0 1000 1000 0 0.00016 0.001 0.00048 1 0 1
0.0004 0.0022 0 0 1000 1000 0 0.00016 0.001 0.00048 1 0 1
0.0008 0.0022 0 0 1000 1000 0 0.00016 0.001 0.00048 1 0 1
0.0196 0.0022 0 0 1000 1000 0 0.00016 0.001 0.00048 1 0 1
0.019200000000000002 0.0022 0 0 1000 1000 0 0.00016 0.001 0.00048 1 0 1
0.0188 0.0022 0 0 1000 1000 0 0.00016 0.001 0.00048 1 0 1
0 0.0024000000000000002 0 0 1000 1000 0 0.00016 0.001 0.00048 1 0 1
0.0004 0.0024000000000000002 0 0 1000 1000 0 0.00016 0.001 0.00048 1 0 1
0.0008 0.0024000000000000002 0 0 1000 1000 0 0.00016 0.001 0.00048 1 0 1
0.0196 0.0024000000000000002 0 0 1000 1000 0 0.00016 0.001 0.00048 1 0 1
0.019200000000000002 0.0024000000000000002 0 0 1000 1000 0 0.00016 0.001 0.00048 1 0 1
0.0188 0.0024000000000000002 0 0 1000 1000 0 0.00016 0.001 0.00048 1 0 1
0 0.0026000000000000003 0 0 1000 1000 0 0.00016 0.001 0.00048 1 0 1
0.0004 0.0026000000000000003 0 0 1000 1000 0 0.00016 0.001 0.00048 1 0 1
0.0008 0.0026000000000000003 0 0 1000 1000 0 0.00016 0.001 0.00048 1 0 1
0.0196 0.0026000000000000003 0 0 1000 1000 0 0.00016 0.001 0.00048 1 0 1
0.019200000000000002 0.0026000000000000003 0 0 1000 1000 0 0.00016 0.001 0.00048 1 0 1
0.0188 0.0026000000000000003 0 0 1000 1000 0 0.00016 0.001 0.00048 1 0 1
0 0.0028 0 0 1000 1000 0 0.00016 0.001 0.00048 1 0 1
0.0004 0.0028 0 0 1000 1000 0 0.00016 0.001 0.00048 1 0 1
0.0008 0.0028 0 0 1000 1000 0 0.00016 0.001 0.00048 1 0 1
0.0196 0.0028 0 0 1000 1000 0 0.00016 0.001 0.00048 1 0 1
0.019200000000000002 0.0028 0 0 1000 1000 0 0.00016 0.001 0.00048 1 0 1
0.0188 0.0028 0 0 1000 1000 0 0.00016 0.001 0.00048 1 0 1
0 0.003 0 0 1000 1000 0 0.00016 0.001 0.00048 1 0 1
0.0004 0.003 0 0 1000 1000 0 0.00016 0.001 0.00048 1 0 1
0.0008 0.003 0 0 1000 1000 0 0.00016 0.001 0.00048 1 0 1
0.0196 0.003 0 0 1000 1000 0 0.00016 0.001 0.00048 1 0 1
0.019200000000000002 0.003 0 0 1000 1000 0 0.00016 0.001 0.00048 1 0 1
0.0188 0.003 0 0 1000 1000 0 0.00016 0.001 0.00048 1 0 1
0 0.0032 0 0 1000 1000 0 0.00016 0.001 0.00048 1 0 1
0.0004 0.0032 0 0 1000 1000 0 0.00016 0.001 0.00048 1 0 1
0.0008 0.0032 0 0 1000 1000 0 0.00016 0.001 0.00048 1 0 1
0.0196 0.0032 0 0 1000 1000 0 0.00016 0.001 0.00048 1 0 1
0.019200000000000002 0.0032 0 0 1000 1000 0 0.00016 0.001 0.00048 1 0 1
0.0188 0.0032 0 0 1000 1000 0 0.00016 0.001 0.00048 1 0 1
0 0.0034000000000000002 0 0 1000 1000 0 0.00016 0.001 0.00048 1 0 1
0.0004 0.0034000000000000002 0 0 1000 1000 0 0.00016 0.001 0.00048 1 0 1
0.0008 0.0034000000000000002 0 0 1000 1000 0 0.00016 0.001 0.00048 1 0 1
0.0196 0.0034000000000000002 0 0 1000 1000 0 0.00016 0.001 0.00048 1 0 1
0.019200000000000002 0.0034000000000000002 0 0 1000 1000 0 0.00016 0.001 0.00048 1 0 1
0.0188 0.0034000000000000002 0 0 1000 1000 0 0.00016 0.001 0.00048 1 0 1
0 0.0036000000000000003 0 0 1000 1000 0 0.00016 0.001 0.00048 1 0 1
0.0004 0.0036000000000000003 0 0 1000 1000 0 0.00016 0.001 0.00048 1 0 1
0.0008 0.0036000000000000003 0 0 1000 1000 0 0.00016 0.001 0.00048 1 0 1
0.0196 0.0036000000000000003 0 0 1000 1000 0 0.00016 0.001 0.00048 1 0 1
0.019200000000000002 0.0036000000000000003 0 0 1000 1000 0 0.00016 0.001 0.00048 1 0 1
0.0188 0.0036000000000000003 0 0 1000 1000 0 0.00016 0.001 0.00048 1 0 1
0 0.0038 0 0 1000 1000 0 0.00016 0.001 0.00048 1 0 1
0.0004 0.0038 0 0 1000 1000 0 0.00016 0.001 0.00048 1 0 1
0.0008 0.0038 0 0 1000 1000 0 0.00016 0.001 0.00048 1 0 1
0.0196 0.0038 0 0 1000 1000 0 0.00016 0.001 0.00048 1 0 1
0.019200000000000002 0.0038 0 0 1000 1000 0 0.00016 0.001 0.00048 1 0 1
0.0188 0.0038 0 0 1000 1000 0 0.00016 0.001 0.00048 1 0 1
0 0.004 0 0 1000 1000 0 0.00016 0.001 0.00048 1 0 1
0.0004 0.004 0 0 1000 1000 0 0.00016 0.001 0.00048 1 0 1
0.0008 0.004 0 0 1000 1000 0 0.00016 0.001 0.00048 1 0 1
0.0196 0.004 0 0 1000 1000 0 0.00016 0.001 0.00048 1 0 1
0.019200000000000002 0.004 0 0 1000 1000 0 0.00016 0.001 0.00048 1 0 1
0.0188 0.004 0 0 1000 1000 0 0.00016 0.001 0.00048 1 0 1
0 0.004200000000000001 0 0 1000 1000 0 0.00016 0.001 0.00048 1 0 1
0.0004 0.004200000000000001 0 0 1000 1000 0 0.00016 0.001 0.00048 1 0 1
0.0008 0.004200000000000001 0 0 1000 1000 0 0.00016 0.001 0.00048 1 0 1
0.0196 0.004200000000000001 0 0 1000 1000 0 0.00016 0.001 0.00048 1 0 1
0.019200000000000002 0.004200000000000001 0 0 1000 1000 0 0.00016 0.001 0.00048 1 0 1
0.0188 0.004200000000000001 0 0 1000 1000 0 0.00016 0.001 0.00048 1 0 1
0 0.0044 0 0 1000 1000 0 0.00016 0.001 0.00048 1 0 1
0.0004 0.0044 0 0 1000 1000 0 0.00016 0.001 0.00048 1 0 1
0.0008 0.0044 0 0 1000 1000 0 0.00016 0.001 0.00048 1 0 1
0.0196 0.0044 0 0 1000 1000 0 0.00016 0.001 0.00048 1 0 1
0.019200000000000002 0.0044 0 0 1000 1000 0 0.00016 0.001 0.00048 1 0 1
0.0188 0.0044 0 0 1000 1000 0 0.00016 0.001 0.00048 1 0 1
0 0.0046 0 0 1000 1000 0 0.00016 0.001 0.00048 1 0 1
0.0004 0.0046 0 0 1000 1000 0 0.00016 0.001 0.00048 1 0 1
0.0008 0.0046 0 0 1000 1000 0 0.00016 0.001 0.00048 1 0 1
0.0196 0.0046 0 0 1000 1000 0 0.00016 0.001 0.00048 1 0 1
0.019200000000000002 0.0046 0 0 1000 1000 0 0.00016 0.001 0.00048 1 0 1
0.0188 0.0046 0 0 1000 1000 0 0.00016 0.001 0.00048 1 0 1
0 0.0048000000000000004 0 0 1000 1000 0 0.00016 0.001 0.00048 1 0 1
0.0004 0.0048000000000000004 0 0 1000 1000 0 0.00016 0.001 0.00048 1 0 1
0.0008 0.0048000000000000004 0 0 1000 1000 0 0.00016 0.001 0.00048 1 0 1
0.0196 0.0048000000000000004 0 0 1000 1000 0 0.00016 0.001 0.00048 1 0 1
0.019200000000000002 0.0048000000000000004 0 0 1000 1000 0 0.00016 0.001 0.00048 1 0 1
0.0188 0.0048000000000000004 0 0 1000 1000 0 0.00016 0.001 0.00048 1 0 1
0 0.005 0 0 1000 1000 0 0.00016 0.001 0.00048 1 0 1
0.0004 0.005 0 0 1000 1000 0 0.00016 0.001 0.00048 1 0 1
0.0008 0.005 0 0 1000 1000 0 0.00016 0.001 0.00048 1 0 1
0.0196 0.005 0 0 1000 1000 0 0.00016 0.001 0.00048 1 0 1
0.019200000000000002 0.005 0 0 1000 1000 0 0.00016 0.001 0.00048 1 0 1
0.0188 0.005 0 0 1000 1000 0 0.00016 0.001 0.00048 1 0 1
0 0.005200000000000001 0 0 1000 1000 0 0.00016 0.001 0.00048 1 0 1
0.0004 0.005200000000000001 0 0 1000 1000 0 0.00016 0.001 0.00048 1 0 1
0.0008 0.005200000000000001 0 0 1000 1000 0 0.00016 0.001 0.00048 1 0 1
0.0196 0.005200000000000001 0 0 1000 1000 0 0.00016 0.001 0.00048 1 0 1
0.019200000000000002 0.005200000000000001 0 0 1000 1000 0 0.00016 0.001 0.00048 1 0 1
0.0188 0.005200000000000001 0 0 1000 1000 0 0.00016 0.001 0.00048 1 0 1
0 0.0054 0 0 1000 1000 0 0.00016 0.001 0.00048 1 0 1
0.0004 0.0054 0 0 1000 1000 0 0.00016 0.001 0.00048 1 0 1
0.0008 0.0054 0 0 1000 1000 0 0.00016 0.001 0.00048 1 0 1
0.0196 0.0054 0 0 1000 1000 0 0.00016 0.001 0.00048 1 0 1
0.019200000000000002 0.0054 0 0 1000 1000 0 0.00016 0.001 0.00048 1 0 1
0.0188 0.0054 0 0 1000 1000 0 0.00016 0.001 0.00048 1 0 1
0 0.0056 0 0 1000 1000 0 0.00016 0.001 0.00048 1 0 1
0.0004 0.0056 0 0 1000 1000 0 0.00016 0.001 0.00048 1 0 1
0.0008 0.0056 0 0 1000 1000 0 0.00016 0.001 0.00048 1 0 1
0.0196 0.0056 0 0 1000 1000 0 0.00016 0.001 0.00048 1 0 1
0.019200000000000002 0.0056 0 0 1000 1000 0 0.00016 0.001 0.00048 1 0 1
0.0188 0.0056 0 0 1000 1000 0 0.00016 0.001 0.00048 1 0 1
0 0.0058000000000000005 0 0 1000 1000 0 0.00016 0.001 0.00048 1 0 1
0.0004 0.0058000000000000005 0 0 1000 1000 0 0.00016 0.001 0.00048 1 0 1
0.0008 0.0058000000000000005 0 0 1000 1000 0 0.00016 0.001 0.00048 1 0 1
0.0196 0.0058000000000000005 0 0 1000 1000 0 0.00016 0.001 0.00048 1 0 1
0.019200000000000002 0.0058000000000000005 0 0 1000 1000 0 0.00016 0.001 0.00048 1 0 1
0.0188 0.0058000000000000005 0 0 1000 1000 0 0.00016 0.001 0.00048 1 0 1
0 0.006 0 0 1000 1000 0 0.00016 0.001 0.00048 1 0 1
0.0004 0.006 0 0 1000 1000 0 0.00016 0.001 0.00048 1 0 1
0.0008 0.006 0 0 1000 1000 0 0.00016 0.001 0.00048 1 0 1
0.0196 0.006 0 0 1000 1000 0 0.00016 0.001 0.00048 1 0 1
0.019200000000000002 0.006 0 0 1000 1000 0 0.00016 0.001 0.00048 1 0 1
0.0188 0.006 0 0 1000 1000 0 0.00016 0.001 0.00048 1 0 1
0 0.006200000000000001 0 0 1000 1000 0 0.00016 0.001 0.00048 1 0 1
0.0004 0.006200000000000001 0 0 1000 1000 0 0.00016 0.001 0.00048 1 0 1
0.0008 0.006200000000000001 0 0 1000 1000 0 0.00016 0.001 0.00048 1 0 1
0.0196 0.006200000000000001 0 0 1000 1000 0 0.00016 0.001 0.00048 1 0 1
0.019200000000000002 0.006200000000000001 0 0 1000 1000 0 0.00016 0.001 0.00048 1 0 1
0.0188 0.006200000000000001 0 0 1000 1000 0 0.00016 0.001 0.00048 1 0 1
0 0.0064 0 0 1000 1000 0 0.00016 0.001 0.00048 1 0 1
0.0004 0.0064 0 0 1000 1000 0 0.00016 0.001 0.00048 1 0 1
0.0008 0.0064 0 0 1000 1000 0 0.00016 0.001 0.00048 1 0 1
0.0196 0.0064 0 0 1000 1000 0 0.00016 0.001 0.00048 1 0 1
0.019200000000000002 0.0064 0 0 1000 1000 0 0.00016 0.001 0.00048 1 0 1
0.0188 0.0064 0 0 1000 1000 0 0.00016 0.001 0.00048 1 0 1
0 0.0066 0 0 1000 1000 0 0.00016 0.001 0.00048 1 0 1
0.0004 0.0066 0 0 1000 1000 0 0.00016 0.001 0.00048 1 0 1
0.0008 0.0066 0 0 1000 1000 0 0.00016 0.001 0.00048 1 0 1
0.0196 0.0066 0 0 1000 1000 0 0.00016 0.001 0.00048 1 0 1
0.019200000000000002 0.0066 0 0 1000 1000 0 0.00016 0.001 0.00048 1 0 1
0.0188 0.0066 0 0 1000 1000 0 0.00016 0.001 0.00048 1 0 1
0 0.0068000000000000005 0 0 1000 1000 0 0.00016 0.001 0.00048 1 0 1
0.0004 0.0068000000000000005 0 0 1000 1000 0 0.00016 0.001 0.00048 1 0 1
0.0008 0.0068000000000000005 0 0 1000 1000 0 0.00016 0.001 0.00048 1 0 1
0.0196 0.0068000000000000005 0 0 1000 1000 0 0.00016 0.001 0.00048 1 0 1
0.019200000000000002 0.0068000000000000005 0 0 1000 1000 0 0.00016 0.001 0.00048 1 0 1
0.0188 0.0068000000000000005 0 0 1000 1000 0 0.00016 0.001 0.00048 1 0 1
0 0.007 0 0 1000 1000 0 0.00016 0.001 0.00048 1 0 1
0.0004 0.007 0 0 1000 1000 0 0.00016 0.001 0.00048 1 0 1
0.0008 0.007 0 0 1000 1000 0 0.00016 0.001 0.00048 1 0 1
0.0196 0.007 0 0 1000 1000 0 0.00016 0.001 0.00048 1 0 1
0.019200000000000002 0.007 0 0 1000 1000 0 0.00016 0.001 0.00048 1 0 1
0.0188 0.007 0 0 1000 1000 0 0.00016 0.001 0.00048 1 0 1
0 0.007200000000000001 0 0 1000 1000 0 0.00016 0.001 0.00048 1 0 1
0.0004 0.007200000000000001 0 0 1000 1000 0 0.00016 0.001 0.00048 1 0 1
0.0008 0.007200000000000001 0 0 1000 1000 0 0.00016 0.001 0.00048 1 0 1
0.0196 0.007200000000000001 0 0 1000 1000 0 0.00016 0.001 0.00048 1 0 1
0.019200000000000002 0.007200000000000001 0 0 1000 1000 0 0.00016 0.001 0.00048 1 0 1
0.0188 0.007200000000000001 0 0 1000 1000 0 0.00016 0.001 0.00048 1 0 1
0 0.0074 0 0 1000 1000 0 0.00016 0.001 0.00048 1 0 1
0.0004 0.0074 0 0 1000 1000 0 0.00016 0.001 0.00048 1 0 1
0.0008 0.0074 0 0 1000 1000 0 0.00016 0.001 0.00048 1 0 1
0.0196 0.0074 0 0 1000 1000 0 0.00016 0.001 0.00048 1 0 1
0.019200000000000002 0.0074 0 0 1000 1000 0 0.00016 0.001 0.00048 1 0 1
0.0188 0.0074 0 0 1000 1000 0 0.00016 0.001 0.00048 1 0 1
0 0.0076 0 0 1000 1000 0 0.00016 0.001 0.00048 1 0 1
0.0004 0.0076 0 0 1000 1000 0 0.00016 0.001 0.00048 1 0 1
0.0008 0.0076 0 0 1000 1000 0 0.00016 0.001 0.00048 1 0 1
0.0196 0.0076 0 0 1000 1000 0 0.00016 0.001 0.00048 1 0 1
0.019200000000000002 0.0076 0 0 1000 1000 0 0.00016 0.001 0.00048 1 0 1
0.0188 0.0076 0 0 1000 1000 0 0.00016 0.001 0.00048 1 0 1
0 0.0078000000000000005 0 0 1000 1000 0 0.00016 0.001 0.00048 1 0 1
0.0004 0.0078000000000000005 0 0 1000 1000 0 0.00016 0.001 0.00048 1 0 1
0.0008 0.0078000000000000005 0 0 1000 1000 0 0.00016 0.001 0.00048 1 0 1
0.0196 0.0078000000000000005 0 0 1000 1000 0 0.00016 0.001 0.00048 1 0 1
0.019200000000000002 0.0078000000000000005 0 0 1000 1000 0 0.00016 0.001 0.00048 1 0 1
0.0188 0.0078000000000000005 0 0 1000 1000 0 0.00016 0.001 0.00048 1 0 1
0 0.008 0 0 1000 1000 0 0.00016 0.001 0.00048 1 0 1
0.0004 0.008 0 0 1000 1000 0 0.00016 0.001 0.00048 1 0 1
0.0008 0.008 0 0 1000 1000 0 0.00016 0.001 0.00048 1 0 1
0.0196 0.008 0 0 1000 1000 0 0.00016 0.001 0.00048 1 0 1
0.019200000000000002 0.008 0 0 1000 1000 0 0.00016 0.001 0.00048 1 0 1
0.0188 0.008 0 0 1000 1000 0 0.00016 0.001 0.00048 1 0 1
0 0.0082 0 0 1000 1000 0 0.00016 0.001 0.00048 1 0 1
0.0004 0.0082 0 0 1000 1000 0 0.00016 0.001 0.00048 1 0 1
0.0008 0.0082 0 0 1000 1000 0 0.00016 0.001 0.00048 1 0 1
0.0196 0.0082 0 0 1000 1000 0 0.00016 0.001 0.00048 1 0 1
0.019200000000000002 0.0082 0 0 1000 1000 0 0.00016 0.001 0.00048 1 0 1
0.0188 0.0082 0 0 1000 1000 0 0.00016 0.001 0.00048 1 0 1
0 0.008400000000000001 0 0 1000 1000 0 0.00016 0.001 0.00048 1 0 1
0.0004 0.008400000000000001 0 0 1000 1000 0 0.00016 0.001 0.00048 1 0 1
0.0008 0.008400000000000001 0 0 1000 1000 0 0.00016 0.001 0.00048 1 0 1
0.0196 0.008400000000000001 0 0 1000 1000 0 0.00016 0.001 0.00048 1 0 1
0.019200000000000002 0.008400000000000001 0 0 1000 1000 0 0.00016 0.001 0.00048 1 0 1
0.0188 0.008400000000000001 0 0 1000 1000 0 0.00016 0.001 0.00048 1 0 1
0 0.0086 0 0 1000 1000 0 0.00016 0.001 0.00048 1 0 1
0.0004 0.0086 0 0 1000 1000 0 0.00016 0.001 0.00048 1 0 1
0.0008 0.0086 0 0 1000 1000 0 0.00016 0.001 0.00048 1 0 1
0.0196 0.0086 0 0 1000 1000 0 0.00016 0.001 0.00048 1 0 1
0.019200000000000002 0.0086 0 0 1000 1000 0 0.00016 0.001 0.00048 1 0 1
0.0188 0.0086 0 0 1000 1000 0 0.00016 0.001 0.00048 1 0 1
0 0.0088 0 0 1000 1000 0 0.00016 0.001 0.00048 1 0 1
0.0004 0.0088 0 0 1000 1000 0 0.00016 0.001 0.00048 1 0 1
0.0008 0.0088 0 0 1000 1000 0 0.00016 0.001 0.00048 1 0 1
0.0196 0.0088 0 0 1000 1000 0 0.00016 0.001 0.00048 1 0 1
0.019200000000000002 0.0088 0 0 1000 1000 0 0.00016 0.001 0.00048 1 0 1
0.0188 0.0088 0 0 1000 1000 0 0.00016 0.001 0.00048 1 0 1
0 0.009000000000000001 0 0 1000 1000 0 0.00016 0.001 0.00048 1 0 1
0.0004 0.009000000000000001 0 0 1000 1000 0 0.00016 0.001 0.00048 1 0 1
0.0008 0.009000000000000001 0 0 1000 1000 0 0.00016 0.001 0.00048 1 0 1
0.0196 0.009000000000000001 0 0 1000 1000 0 0.00016 0.001 0.00048 1 0 1
0.019200000000000002 0.009000000000000001 0 0 1000 1000 0 0.00016 0.001 0.00048 1 0 1
0.0188 0.009000000000000001 0 0 1000 1000 0 0.00016 0.001 0.00048 1 0 1
0 0.0092 0 0 1000 1000 0 0.00016 0.001 0.00048 1 0 1
0.0004 0.0092 0 0 1000 1000 0 0.00016 0.001 0.00048 1 0 1
0.0008 0.0092 0 0 1000 1000 0 0.00016 0.001 0.00048 1 0 1
0.0196 0.0092 0 0 1000 1000 0 0.00016 0.001 0.00048 1 0 1
0.019200000000000002 0.0092 0 0 1000 1000 0 0.00016 0.001 0.00048 1 0 1
0.0188 0.0092 0 0 1000 1000 0 0.00016 0.001 0.00048 1 0 1
0 0.0094 0 0 1000 1000 0 0.00016 0.001 0.00048 1 0 1
0.0004 0.0094 0 0 1000 1000 0 0.00016 0.001 0.00048 1 0 1
0.0008 0.0094 0 0 1000 1000 0 0.00016 0.001 0.00048 1 0 1
0.0196 0.0094 0 0 1000 1000 0 0.00016 0.001 0.00048 1 0 1
0.019200000000000002 0.0094 0 0 1000 1000 0 0.00016 0.001 0.00048 1 0 1
0.0188 0.0094 0 0 1000 1000 0 0.00016 0.001 0.00048 1 0 1
0 0.009600000000000001 0 0 1000 1000 0 0.00016 0.001 0.00048 1 0 1
0.0004 0.009600000000000001 0 0 1000 1000 0 0.00016 0.001 0.00048 1 0 1
0.0008 0.009600000000000001 0 0 1000 1000 0 0.00016 0.001 0.00048 1 0 1
0.0196 0.009600000000000001 0 0 1000 1000 0 0.00016 0.001 0.00048 1 0 1
0.019200000000000002 0.009600000000000001 0 0 1000 1000 0 0.00016 0.001 0.00048 1 0 1
0.0188 0.009600000000000001 0 0 1000 1000 0 0.00016 0.001 0.00048 1 0 1
0 0.0098 0 0 1000 1000 0 0.00016 0.001 0.00048 1 0 1
0.0004 0.0098 0 0 1000 1000 0 0.00016 0.001 0.00048 1 0 1
0.0008 0.0098 0 0 1000 1000 0 0.00016 0.001 0.00048 1 0 1
0.0196 0.0098 0 0 1000 1000 0 0.00016 0.001 0.00048 1 0 1
0.019200000000000002 0.0098 0 0 1000 1000 0 0.00016 0.001 0.00048 1 0 1
0.0188 0.0098 0 0 1000 1000 0 0.00016 0.001 0.00048 1 0 1
0 0.01 0 0 1000 1000 0 0.00016 0.001 0.00048 1 0 1
0.0004 0.01 0 0 1000 1000 0 0.00016 0.001 0.00048 1 0 1
0.0008 0.01 0 0 1000 1000 0 0.00016 0.001 0.00048 1 0 1
0.0196 0.01 0 0 1000 1000 0 0.00016 0.001 0.00048 1 0 1
0.019200000000000002 0.01 0 0 1000 1000 0 0.00016 0.001 0.00048 1 0 1
0.0188 0.01 0 0 1000 1000 0 0.00016 0.001 0.00048 1 0 1
0 0.0102 0 0 1000 1000 0 0.00016 0.001 0.00048 1 0 1
0.0004 0.0102 0 0 1000 1000 0 0.00016 0.001 0.00048 1 0 1
0.0008 0.0102 0 0 1000 1000 0 0.00016 0.001 0.00048 1 0 1
0.0196 0.0102 0 0 1000 1000 0 0.00016 0.001 0.00048 1 0 1
0.019200000000000002 0.0102 0 0 1000 1000 0 0.00016 0.001 0.00048 1 0 1
0.0188 0.0102 0 0 1000 1000 0 0.00016 0.001 0.00048 1 0 1
0 0.010400000000000001 0 0 1000 1000 0 0.00016 0.001 0.00048 1 0 1
0.0004 0.010400000000000001 0 0 1000 1000 0 0.00016 0.001 0.00048 1 0 1
0.0008 0.010400000000000001 0 0 1000 1000 0 0.00016 0.001 0.00048 1 0 1
0.0196 0.010400000000000001 0 0 1000 1000 0 0.00016 0.001 0.00048 1 0 1
0.019200000000000002 0.010400000000000001 0 0 1000 1000 0 0.00016 0.001 0.00048 1 0 1
0.0188 0.010400000000000001 0 0 1000 1000 0 0.00016 0.001 0.00048 1 0 1
0 0.0106 0 0 1000 1000 0 0.00016 0.001 0.00048 1 0 1
0.0004 0.0106 0 0 1000 1000 0 0.00016 0.001 0.00048 1 0 1
0.0008 0.0106 0 0 1000 1000 0 0.00016 0.001 0.00048 1 0 1
0.0196 0.0106 0 0 1000 1000 0 0.00016 0.001 0.00048 1 0 1
0.019200000000000002 0.0106 0 0 1000 1000 0 0.00016 0.001 0.00048 1 0 1
0.0188 0.0106 0 0 1000 1000 0 0.00016 0.001 0.00048 1 0 1
0.0012000000000000001 0.0 0 0 1000 1000 0 0.00016 0.001 0.00048 1 0 0
0.0016 0.0 0 0 1000 1000 0 0.00016 0.001 0.00048 1 0 0
0.002 0.0 0 0 1000 1000 0 0.00016 0.001 0.00048 1 0 0
0.0024000000000000002 0.0 0 0 1000 1000 0 0.00016 0.001 0.00048 1 0 0
0.0028 0.0 0 0 1000 1000 0 0.00016 0.001 0.00048 1 0 0
0.0032 0.0 0 0 1000 1000 0 0.00016 0.001 0.00048 1 0 0
0.0036000000000000003 0.0 0 0 1000 1000 0 0.00016 0.001 0.00048 1 0 0
0.004 0.0 0 0 1000 1000 0 0.00016 0.001 0.00048 1 0 0
0.0044 0.0 0 0 1000 1000 0 0.00016 0.001 0.00048 1 0 0
0.0048000000000000004 0.0 0 0 1000 1000 0 0.00016 0.001 0.00048 1 0 0
0.005200000000000001 0.0 0 0 1000 1000 0 0.00016 0.001 0.00048 1 0 0
0.0056 0.0 0 0 1000 1000 0 0.00016 0.001 0.00048 1 0 0
0.006 0.0 0 0 1000 1000 0 0.00016 0.001 0.00048 1 0 0
0.0064 0.0 0 0 1000 1000 0 0.00016 0.001 0.00048 1 0 0
0.0068000000000000005 0.0 0 0 1000 1000 0 0.00016 0.001 0.00048 1 0 0
0.007200000000000001 0.0 0 0 1000 1000 0 0.00016 0.001 0.00048 1 0 0
0.0076 0.0 0 0 1000 1000 0 0.00016 0.001 0.00048 1 0 0
0.008 0.0 0 0 1000 1000 0 0.00016 0.001 0.00048 1 0 0
0.008400000000000001 0.0 0 0 1000 1000 0 0.00016 0.001 0.00048 1 0 0
0.0088 0.0 0 0 1000 1000 0 0.00016 0.001 0.00048 1 0 0
0.0092 0.0 0 0 1000 1000 0 0.00016 0.001 0.00048 1 0 0
0.009600000000000001 0.0 0 0 1000 1000 0 0.00016 0.001 0.00048 1 0 0
0.01 0.0 0 0 1000 1000 0 0.00016 0.001 0.00048 1 0 0
0.010400000000000001 0.0 0 0 1000 1000 0 0.00016 0.001 0.00048 1 0 0
0.0012000000000000001 0.0004 0 0 1000 1000 0 0.00016 0.001 0.00048 1 0 0
0.0016 0.0004 0 0 1000 1000 0 0.00016 0.001 0.00048 1 0 0
0.002 0.0004 0 0 1000 1000 0 0.00016 0.001 0.00048 1 0 0
0.0024000000000000002 0.0004 0 0 1000 1000 0 0.00016 0.001 0.00048 1 0 0
0.0028 0.0004 0 0 1000 1000 0 0.00016 0.001 0.00048 1 0 0
0.0032 0.0004 0 0 1000 1000 0 0.00016 0.001 0.00048 1 0 0
0.0036000000000000003 0.0004 0 0 1000 1000 0 0.00016 0.001 0.00048 1 0 0
0.004 0.0004 0 0 1000 1000 0 0.00016 0.001 0.00048 1 0 0
0.0044 0.0004 0 0 1000 1000 0 0.00016 0.001 0.00048 1 0 0
0.0048000000000000004 0.0004 0 0 1000 1000 0 0.00016 0.001 0.00048 1 0 0
0.005200000000000001 0.0004 0 0 1000 1000 0 0.00016 0.001 0.00048 1 0 0
0.0056 0.0004 0 0 1000 1000 0 0.00016 0.001 0.00048 1 0 0
0.006 0.0004 0 0 1000 1000 0 0.00016 0.001 0.00048 1 0 0
0.0064 0.0004 0 0 1000 1000 0 0.00016 0.001 0.00048 1 0 0
0.0068000000000000005 0.0004 0 0 1000 1000 0 0.00016 0.001 0.00048 1 0 0
0.007200000000000001 0.0004 0 0 1000 1000 0 0.00016 0.001 0.00048 1 0 0
0.0076 0.0004 0 0 1000 1000 0 0.00016 0.001 0.00048 1 0 0
0.008 0.0004 0 0 1000 1000 0 0.00016 0.001 0.00048 1 0 0
0.008400000000000001 0.0004 0 0 1000 1000 0 0.00016 0.001 0.00048 1 0 0
0.0088 0.0004 0 0 1000 1000 0 0.00016 0.001 0.00048 1 0 0
0.0092 0.0004 0 0 1000 1000 0 0.00016 0.001 0.00048 1 0 0
0.009600000000000001 0.0004 0 0 1000 1000 0 0.00016 0.001 0.00048 1 0 0
0.01 0.0004 0 0 1000 1000 0 0.00016 0.001 0.00048 1 0 0
0.010400000000000001 0.0004 0 0 1000 1000 0 0.00016 0.001 0.00048 1 0 0
0.0012000000000000001 0.0008 0 0 1000 1000 0 0.00016 0.001 0.00048 1 0 0
0.0016 0.0008 0 0 1000 1000 0 0.00016 0.001 0.00048 1 0 0
0.002 0.0008 0 0 1000 1000 0 0.00016 0.001 0.00048 1 0 0
0.0024000000000000002 0.0008 0 0 1000 1000 0 0.00016 0.001 0.00048 1 0 0
0.0028 0.0008 0 0 1000 1000 0 0.00016 0.001 0.00048 1 0 0
0.0032 0.0008 0 0 1000 1000 0 0.00016 0.001 0.00048 1 0 0
0.0036000000000000003 0.0008 0 0 1000 1000 0 0.00016 0.001 0.00048 1 0 0
0.004 0.0008 0 0 1000 1000 0 0.00016 0.001 0.00048 1 0 0
0.0044 0.0008 0 0 1000 1000 0 0.00016 0.001 0.00048 1 0 0
0.0048000000000000004 0.0008 0 0 1000 1000 0 0.00016 0.001 0.00048 1 0 0
0.005200000000000001 0.0008 0 0 1000 1000 0 0.00016 0.001 0.00048 1 0 0
0.0056 0.0008 0 0 1000 1000 0 0.00016 0.001 0.00048 1 0 0
0.006 0.0008 0 0 1000 1000 0 0.00016 0.001 0.00048 1 0 0
0.0064 0.0008 0 0 1000 1000 0 0.00016 0.001 0.00048 1 0 0
0.0068000000000000005 0.0008 0 0 1000 1000 0 0.00016 0.001 0.00048 1 0 0
0.007200000000000001 0.0008 0 0 1000 1000 0 0.00016 0.001 0.00048 1 0 0
0.0076 0.0008 0 0 1000 1000 0 0.00016 0.001 0.00048 1 0 0
0.008 0.0008 0 0 1000 1000 0 0.00016 0.001 0.00048 1 0 0
0.008400000000000001 0.0008 0 0 1000 1000 0 0.00016 0.001 0.00048 1 0 0
0.0088 0.0008 0 0 1000 1000 0 0.00016 0.001 0.00048 1 0 0
0.0092 0.0008 0 0 1000 1000 0 0.00016 0.001 0.00048 1 0 0
0.009600000000000001 0.0008 0 0 1000 1000 0 0.00016 0.001 0.00048 1 0 0
0.01 0.0008 0 0 1000 1000 0 0.00016 0.001 0.00048 1 0 0
0.010400000000000001 0.0008 0 0 1000 1000 0 0.00016 0.001 0.00048 1 0 0
0.0012000000000000001 0.0012000000000000001 0 0 1000 1000 0 0.00016 0.001 0.00048 1 0 0
0.0016 0.0012000000000000001 0 0 1000 1000 0 0.00016 0.001 0.00048 1 0 0
0.002 0.0012000000000000001 0 0 1000 1000 0 0.00016 0.001 0.00048 1 0 0
0.0024000000000000002 0.0012000000000000001 0 0 1000 1000 0 0.00016 0.001 0.00048 1 0 0
0.0028 0.0012000000000000001 0 0 1000 1000 0 0.00016 0.001 0.00048 1 0 0
0.0032 0.0012000000000000001 0 0 1000 1000 0 0.00016 0.001 0.00048 1 0 0
0.0036000000000000003 0.0012000000000000001 0 0 1000 1000 0 0.00016 0.001 0.00048 1 0 0
0.004 0.0012000000000000001 0 0 1000 1000 0 0.00016 0.001 0.00048 1 0 0
0.0044 0.0012000000000000001 0 0 1000 1000 0 0.00016 0.001 0.00048 1 0 0
0.0048000000000000004 0.0012000000000000001 0 0 1000 1000 0 0.00016 0.001 0.00048 1 0 0
0.005200000000000001 0.0012000000000000001 0 0 1000 1000 0 0.00016 0.001 0.00048 1 0 0
0.0056 0.0012000000000000001 0 0 1000 1000 0 0.00016 0.001 0.00048 1 0 0
0.006 0.0012000000000000001 0 0 1000 1000 0 0.00016 0.001 0.00048 1 0 0
0.0064 0.0012000000000000001 0 0 1000 1000 0 0.00016 0.001 0.00048 1 0 0
0.0068000000000000005 0.0012000000000000001 0 0 1000 1000 0 0.00016 0.001 0.00048 1 0 0
0.007200000000000001 0.0012000000000000001 0 0 1000 1000 0 0.00016 0.001 0.00048 1 0 0
0.0076 0.0012000000000000001 0 0 1000 1000 0 0.00016 0.001 0.00048 1 0 0
0.008 0.0012000000000000001 0 0 1000 1000 0 0.00016 0.001 0.00048 1 0 0
0.008400000000000001 0.0012000000000000001 0 0 1000 1000 0 0.00016 0.001 0.00048 1 0 0
0.0088 0.0012000000000000001 0 0 1000 1000 0 0.00016 0.001 0.00048 1 0 0
0.0092 0.0012000000000000001 0 0 1000 1000 0 0.00016 0.001 0.00048 1 0 0
0.009600000000000001 0.0012000000000000001 0 0 1000 1000 0 0.00016 0.001 0.00048 1 0 0
0.01 0.0012000000000000001 0 0 1000 1000 0 0.00016 0.001 0.00048 1 0 0
0.010400000000000001 0.0012000000000000001 0 0 1000 1000 0 0.00016 0.001 0.00048 1 0 0
0.0012000000000000001 0.0016 0 0 1000 1000 0 0.00016 0.001 0.00048 1 0 0
0.0016 0.0016 0 0 1000 1000 0 0.00016 0.001 0.00048 1 0 0
0.002 0.0016 0 0 1000 1000 0 0.00016 0.001 0.00048 1 0 0
0.0024000000000000002 0.0016 0 0 1000 1000 0 0.00016 0.001 0.00048 1 0 0
0.0028 0.0016 0 0 1000 1000 0 0.00016 0.001 0.00048 1 0 0
0.0032 0.0016 0 0 1000 1000 0 0.00016 0.001 0.00048 1 0 0
0.0036000000000000003 0.0016 0 0 1000 1000 0 0.00016 0.001 0.00048 1 0 0
0.004 0.0016 0 0 1000 1000 0 0.00016 0.001 0.00048 1 0 0
0.0044 0.0016 0 0 1000 1000 0 0.00016 0.001 0.00048 1 0 0
0.0048000000000000004 0.0016 0 0 1000 1000 0 0.00016 0.001 0.00048 1 0 0
0.005200000000000001 0.0016 0 0 1000 1000 0 0.00016 0.001 0.00048 1 0 0
0.0056 0.0016 0 0 1000 1000 0 0.00016 0.001 0.00048 1 0 0
0.006 0.0016 0 0 1000 1000 0 0.00016 0.001 0.00048 1 0 0
0.0064 0.0016 0 0 1000 1000 0 0.00016 0.001 0.00048 1 0 0
0.0068000000000000005 0.0016 0 0 1000 1000 0 0.00016 0.001 0.00048 1 0 0
0.007200000000000001 0.0016 0 0 1000 1000 0 0.00016 0.001 0.00048 1 0 0
0.0076 0.0016 0 0 1000 1000 0 0.00016 0.001 0.00048 1 0 0
0.008 0.0016 0 0 1000 1000 0 0.00016 0.001 0.00048 1 0 0
0.008400000000000001 0.0016 0 0 1000 1000 0 0.00016 0.001 0.00048 1 0 0
0.0088 0.0016 0 0 1000 1000 0 0.00016 0.001 0.00048 1 0 0
0.0092 0.0016 0 0 1000 1000 0 0.00016 0.001 0.00048 1 0 0
0.009600000000000001 0.0016 0 0 1000 1000 0 0.00016 0.001 0.00048 1 0 0
0.01 0.0016 0 0 1000 1000 0 0.00016 0.001 0.00048 1 0 0
0.010400000000000001 0.0016 0 0 1000 1000 0 0.00016 0.001 0.00048 1 0 0
0.0012000000000000001 0.002 0 0 1000 1000 0 0.00016 0.001 0.00048 1 0 0
0.0016 0.002 0 0 1000 1000 0 0.00016 0.001 0.00048 1 0 0
0.002 0.002 0 0 1000 1000 0 0.00016 0.001 0.00048 1 0 0
0.0024000000000000002 0.002 0 0 1000 1000 0 0.00016 0.001 0.00048 1 0 0
0.0028 0.002 0 0 1000 1000 0 0.00016 0.001 0.00048 1 0 0
0.0032 0.002 0 0 1000 1000 0 0.00016 0.001 0.00048 1 0 0
0.0036000000000000003 0.002 0 0 1000 1000 0 0.00016 0.001 0.00048 1 0 0
0.004 0.002 0 0 1000 1000 0 0.00016 0.001 0.00048 1 0 0
0.0044 0.002 0 0 1000 1000 0 0.00016 0.001 0.00048 1 0 0
0.0048000000000000004 0.002 0 0 1000 1000 0 0.00016 0.001 0.00048 1 0 0
0.005200000000000001 0.002 0 0 1000 1000 0 0.00016 0.001 0.00048 1 0 0
0.0056 0.002 0 0 1000 1000 0 0.00016 0.001 0.00048 1 0 0
0.006 0.002 0 0 1000 1000 0 0.00016 0.001 0.00048 1 0 0
0.0064 0.002 0 0 1000 1000 0 0.00016 0.001 0.00048 1 0 0
0.0068000000000000005 0.002 0 0 1000 1000 0 0.00016 0.001 0.00048 1 0 0
0.007200000000000001 0.002 0 0 1000 1000 0 0.00016 0.001 0.00048 1 0 0
0.0076 0.002 0 0 1000 1000 0 0.00016 0.001 0.00048 1 0 0
0.008 0.002 0 0 1000 1000 0 0.00016 0.001 0.00048 1 0 0
0.008400000000000001 0.002 0 0 1000 1000 0 0.00016 0.001 0.00048 1 0 0
0.0088 0.002 0 0 1000 1000 0 0.00016 0.001 0.00048 1 0 0
0.0092 0.002 0 0 1000 1000 0 0.00016 0.001 0.00048 1 0 0
0.009600000000000001 0.002 0 0 1000 1000 0 0.00016 0.001 0.00048 1 0 0
0.01 0.002 0 0 1000 1000 0 0.00016 0.001 0.00048 1 0 0
0.010400000000000001 0.002 0 0 1000 1000 0 0.00016 0.001 0.00048 1 0 0
0.0012000000000000001 0.0024000000000000002 0 0 1000 1000 0 0.00016 0.001 0.00048 1 0 0
0.0016 0.0024000000000000002 0 0 1000 1000 0 0.00016 0.001 0.00048 1 0 0
0.002 0.0024000000000000002 0 0 1000 1000 0 0.00016 0.001 0.00048 1 0 0
0.0024000000000000002 0.0024000000000000002 0 0 1000 1000 0 0.00016 0.001 0.00048 1 0 0
0.0028 0.0024000000000000002 0 0 1000 1000 0 0.00016 0.001 0.00048 1 0 0
0.0032 0.0024000000000000002 0 0 1000 1000 0 0.00016 0.001 0.00048 1 0 0
0.0036000000000000003 0.0024000000000000002 0 0 1000 1000 0 0.00016 0.001 0.00048 1 0 0
0.004 0.0024000000000000002 0 0 1000 1000 0 0.00016 0.001 0.00048 1 0 0
0.0044 0.0024000000000000002 0 0 1000 1000 0 0.00016 0.001 0.00048 1 0 0
0.0048000000000000004 0.0024000000000000002 0 0 1000 1000 0 0.00016 0.001 0.00048 1 0 0
0.005200000000000001 0.0024000000000000002 0 0 1000 1000 0 0.00016 0.001 0.00048 1 0 0
0.0056 0.0024000000000000002 0 0 1000 1000 0 0.00016 0.001 0.00048 1 0 0
0.006 0.0024000000000000002 0 0 1000 1000 0 0.00016 0.001 0.00048 1 0 0
0.0064 0.0024000000000000002 0 0 1000 1000 0 0.00016 0.001 0.00048 1 0 0
0.0068000000000000005 0.0024000000000000002 0 0 1000 1000 0 0.00016 0.001 0.00048 1 0 0
0.007200000000000001 0.0024000000000000002 0 0 1000 1000 0 0.00016 0.001 0.00048 1 0 0
0.0076 0.0024000000000000002 0 0 1000 1000 0 0.00016 0.001 0.00048 1 0 0
0.008 0.0024000000000000002 0 0 1000 1000 0 0.00016 0.001 0.00048 1 0 0
0.008400000000000001 0.0024000000000000002 0 0 1000 1000 0 0.00016 0.001 0.00048 1 0 0
0.0088 0.0024000000000000002 0 0 1000 1000 0 0.00016 0.001 0.00048 1 0 0
0.0092 0.0024000000000000002 0 0 1000 1000 0 0.00016 0.001 0.00048 1 0 0
0.009600000000000001 0.0024000000000000002 0 0 1000 1000 0 0.00016 0.001 0.00048 1 0 0
0.01 0.0024000000000000002 0 0 1000 1000 0 0.00016 0.001 0.00048 1 0 0
0.010400000000000001 0.0024000000000000002 0 0 1000 1000 0 0.00016 0.001 0.00048 1 0 0
0.0012000000000000001 0.0028 0 0 1000 1000 0 0.00016 0.001 0.00048 1 0 0
0.0016 0.0028 0 0 1000 1000 0 0.00016 0.001 0.00048 1 0 0
0.002 0.0028 0 0 1000 1000 0 0.00016 0.001 0.00048 1 0 0
0.0024000000000000002 0.0028 0 0 1000 1000 0 0.00016 0.001 0.00048 1 0 0
0.0028 0.0028 0 0 1000 1000 0 0.00016 0.001 0.00048 1 0 0
0.0032 0.0028 0 0 1000 1000 0 0.00016 0.001 0.00048 1 0 0
0.0036000000000000003 0.0028 0 0 1000 1000 0 0.00016 0.001 0.00048 1 0 0
0.004 0.0028 0 0 1000 1000 0 0.00016 0.001 0.00048 1 0 0
0.0044 0.0028 0 0 1000 1000 0 0.00016 0.001 0.00048 1 0 0
0.0048000000000000004 0.0028 0 0 1000 1000 0 0.00016 0.001 0.00048 1 0 0
0.005200000000000001 0.0028 0 0 1000 1000 0 0.00016 0.001 0.00048 1 0 0
0.0056 0.0028 0 0 1000 1000 0 0.00016 0.001 0.00048 1 0 0
0.006 0.0028 0 0 1000 1000 0 0.00016 0.001 0.00048 1 0 0
0.0064 0.0028 0 0 1000 1000 0 0.00016 0.001 0.00048 1 0 0
0.0068000000000000005 0.0028 0 0 1000 1000 0 0.00016 0.001 0.00048 1 0 0
0.007200000000000001 0.0028 0 0 1000 1000 0 0.00016 0.001 0.00048 1 0 0
0.0076 0.0028 0 0 1000 1000 0 0.00016 0.001 0.00048 1 0 0
0.008 0.0028 0 0 1000 1000 0 0.00016 0.001 0.00048 1 0 0
0.008400000000000001 0.0028 0 0 1000 1000 0 0.00016 0.001 0.00048 1 0 0
0.0088 0.0028 0 0 1000 1000 0 0.00016 0.001 0.00048 1 0 0
0.0092 0.0028 0 0 1000 1000 0 0.00016 0.001 0.00048 1 0 0
0.009600000000000001 0.0028 0 0 1000 1000 0 0.00016 0.001 0.00048 1 0 0
0.01 0.0028 0 0 1000 1000 0 0.00016 0.001 0.00048 1 0 0
0.010400000000000001 0.0028 0 0 1000 1000 0 0.00016 0.001 0.00048 1 0 0
0.0012000000000000001 0.0032 0 0 1000 1000 0 0.00016 0.001 0.00048 1 0 0
0.0016 0.0032 0 0 1000 1000 0 0.00016 0.001 0.00048 1 0 0
0.002 0.0032 0 0 1000 1000 0 0.00016 0.001 0.00048 1 0 0
0.0024000000000000002 0.0032 0 0 1000 1000 0 0.00016 0.001 0.00048 1 0 0
0.0028 0.0032 0 0 1000 1000 0 0.00016 0.001 0.00048 1 0 0
0.0032 0.0032 0 0 1000 1000 0 0.00016 0.001 0.00048 1 0 0
0.0036000000000000003 0.0032 0 0 1000 1000 0 0.00016 0.001 0.00048 1 0 0
0.004 0.0032 0 0 1000 1000 0 0.00016 0.001 0.00048 1 0 0
0.0044 0.0032 0 0 1000 1000 0 0.00016 0.001 0.00048 1 0 0
0.0048000000000000004 0.0032 0 0 1000 1000 0 0.00016 0.001 0.00048 1 0 0
0.005200000000000001 0.0032 0 0 1000 1000 0 0.00016 0.001 0.00048 1 0 0
0.0056 0.0032 0 0 1000 1000 0 0.00016 0.001 0.00048 1 0 0
0.006 0.0032 0 0 1000 1000 0 0.00016 0.001 0.00048 1 0 0
0.0064 0.0032 0 0 1000 1000 0 0.00016 0.001 0.00048 1 0 0
0.0068000000000000005 0.0032 0 0 1000 1000 0 0.00016 0.001 0.00048 1 0 0
0.007200000000000001 0.0032 0 0 1000 1000 0 0.00016 0.001 0.00048 1 0 0
0.0076 0.0032 0 0 1000 1000 0 0.00016 0.001 0.00048 1 0 0
0.008 0.0032 0 0 1000 1000 0 0.00016 0.001 0.00048 1 0 0
0.008400000000000001 0.0032 0 0 1000 1000 0 0.00016 0.001 0.00048 1 0 0
0.0088 0.0032 0 0 1000 1000 0 0.00016 0.001 0.00048 1 0 0
0.0092 0.0032 0 0 1000 1000 0 0.00016 0.001 0.00048 1 0 0
0.009600000000000001 0.0032 0 0 1000 1000 0 0.00016 0.001 0.00048 1 0 0
0.01 0.0032 0 0 1000 1000 0 0.00016 0.001 0.00048 1 0 0
0.010400000000000001 0.0032 0 0 1000 1000 0 0.00016 0.001 0.00048 1 0 0
0.0012000000000000001 0.0036000000000000003 0 0 1000 1000 0 0.00016 0.001 0.00048 1 0 0
0.0016 0.0036000000000000003 0 0 1000 1000 0 0.00016 0.001 0.00048 1 0 0
0.002 0.0036000000000000003 0 0 1000 1000 0 0.00016 0.001 0.00048 1 0 0
0.0024000000000000002 0.0036000000000000003 0 0 1000 1000 0 0.00016 0.001 0.00048 1 0 0
0.0028 0.0036000000000000003 0 0 1000 1000 0 0.00016 0.001 0.00048 1 0 0
0.0032 0.0036000000000000003 0 0 1000 1000 0 0.00016 0.001 0.00048 1 0 0
0.0036000000000000003 0.0036000000000000003 0 0 1000 1000 0 0.00016 0.001 0.00048 1 0 0
0.004 0.0036000000000000003 0 0 1000 1000 0 0.00016 0.001 0.00048 1 0 0
0.0044 0.0036000000000000003 0 0 1000 1000 0 0.00016 0.001 0.00048 1 0 0
0.0048000000000000004 0.0036000000000000003 0 0 1000 1000 0 0.00016 0.001 0.00048 1 0 0
0.005200000000000001 0.0036000000000000003 0 0 1000 1000 0 0.00016 0.001 0.00048 1 0 0
0.0056 0.0036000000000000003 0 0 1000 1000 0 0.00016 0.001 0.00048 1 0 0
0.006 0.0036000000000000003 0 0 1000 1000 0 0.00016 0.001 0.00048 1 0 0
0.0064 0.0036000000000000003 0 0 1000 1000 0 0.00016 0.001 0.00048 1 0 0
0.0068000000000000005 0.0036000000000000003 0 0 1000 1000 0 0.00016 0.001 0.00048 1 0 0
0.007200000000000001 0.0036000000000000003 0 0 1000 1000 0 0.00016 0.001 0.00048 1 0 0
0.0076 0.0036000000000000003 0 0 1000 1000 0 0.00016 0.001 0.00048 1 0 0
0.008 0.0036000000000000003 0 0 1000 1000 0 0.00016 0.001 0.00048 1 0 0
0.008400000000000001 0.0036000000000000003 0 0 1000 1000 0 0.00016 0.001 0.00048 1 0 0
0.0088 0.0036000000000000003 0 0 1000 1000 0 0.00016 0.001 0.00048 1 0 0
0.0092 0.0036000000000000003 0 0 1000 1000 0 0.00016 0.001 0.00048 1 0 0
0.009600000000000001 0.0036000000000000003 0 0 1000 1000 0 0.00016 0.001 0.00048 1 0 0
0.01 0.0036000000000000003 0 0 1000 1000 0 0.00016 0.001 0.00048 1 0 0
0.010400000000000001 0.0036000000000000003 0 0 1000 1000 0 0.00016 0.001 0.00048 1 0 0
0.0012000000000000001 0.004 0 0 1000 1000 0 0.00016 0.001 0.00048 1 0 0
0.0016 0.004 0 0 1000 1000 0 0.00016 0.001 0.00048 1 0 0
0.002 0.004 0 0 1000 1000 0 0.00016 0.001 0.00048 1 0 0
0.0024000000000000002 0.004 0 0 1000 1000 0 0.00016 0.001 0.00048 1 0 0
0.0028 0.004 0 0 1000 1000 0 0.00016 0.001 0.00048 1 0 0
0.0032 0.004 0 0 1000 1000 0 0.00016 0.001 0.00048 1 0 0
0.0036000000000000003 0.004 0 0 1000 1000 0 0.00016 0.001 0.00048 1 0 0
0.004 0.004 0 0 1000 1000 0 0.00016 0.001 0.00048 1 0 0
0.0044 0.004 0 0 1000 1000 0 0.00016 0.001 0.00048 1 0 0
0.0048000000000000004 0.004 0 0 1000 1000 0 0.00016 0.001 0.00048 1 0 0
0.005200000000000001 0.004 0 0 1000 1000 0 0.00016 0.001 0.00048 1 0 0
0.0056 0.004 0 0 1000 1000 0 0.00016 0.001 0.00048 1 0 0
0.006 0.004 0 0 1000 1000 0 0.00016 0.001 0.00048 1 0 0
0.0064 0.004 0 0 1000 1000 0 0.00016 0.001 0.00048 1 0 0
0.0068000000000000005 0.004 0 0 1000 1000 0 0.00016 0.001 0.00048 1 0 0
0.007200000000000001 0.004 0 0 1000 1000 0 0.00016 0.001 0.00048 1 0 0
0.0076 0.004 0 0 1000 1000 0 0.00016 0.001 0.00048 1 0 0
0.008 0.004 0 0 1000 1000 0 0.00016 0.001 0.00048 1 0 0
0.008400000000000001 0.004 0 0 1000 1000 0 0.00016 0.001 0.00048 1 0 0
0.0088 0.004 0 0 1000 1000 0 0.00016 0.001 0.00048 1 0 0
0.0092 0.004 0 0 1000 1000 0 0.00016 0.001 0.00048 1 0 0
0.009600000000000001 0.004 0 0 1000 1000 0 0.00016 0.001 0.00048 1 0 0
0.01 0.004 0 0 1000 1000 0 0.00016 0.001 0.00048 1 0 0
0.010400000000000001 0.004 0 0 1000 1000 0 0.00016 0.001 0.00048 1 0 0
0.0012000000000000001 0.0044 0 0 1000 1000 0 0.00016 0.001 0.00048 1 0 0
0.0016 0.0044 0 0 1000 1000 0 0.00016 0.001 0.00048 1 0 0
0.002 0.0044 0 0 1000 1000 0 0.00016 0.001 0.00048 1 0 0
0.0024000000000000002 0.0044 0 0 1000 1000 0 0.00016 0.001 0.00048 1 0 0
0.0028 0.0044 0 0 1000 1000 0 0.00016 0.001 0.00048 1 0 0
0.0032 0.0044 0 0 1000 1000 0 0.00016 0.001 0.00048 1 0 0
0.0036000000000000003 0.0044 0 0 1000 1000 0 0.00016 0.001 0.00048 1 0 0
0.004 0.0044 0 0 1000 1000 0 0.00016 0.001 0.00048 1 0 0
0.0044 0.0044 0 0 1000 1000 0 0.00016 0.001 0.00048 1 0 0
0.0048000000000000004 0.0044 0 0 1000 1000 0 0.00016 0.001 0.00048 1 0 0
0.005200000000000001 0.0044 0 0 1000 1000 0 0.00016 0.001 0.00048 1 0 0
0.0056 0.0044 0 0 1000 1000 0 0.00016 0.001 0.00048 1 0 0
0.006 0.0044 0 0 1000 1000 0 0.00016 0.001 0.00048 1 0 0
0.0064 0.0044 0 0 1000 1000 0 0.00016 0.001 0.00048 1 0 0
0.0068000000000000005 0.0044 0 0 1000 1000 0 0.00016 0.001 0.00048 1 0 0
0.007200000000000001 0.0044 0 0 1000 1000 0 0.00016 0.001 0.00048 1 0 0
0.0076 0.0044 0 0 1000 1000 0 0.00016 0.001 0.00048 1 0 0
0.008 0.0044 0 0 1000 1000 0 0.00016 0.001 0.00048 1 0 0
0.008400000000000001 0.0044 0 0 1000 1000 0 0.00016 0.001 0.00048 1 0 0
0.0088 0.0044 0 0 1000 1000 0 0.00016 0.001 0.00048 1 0 0
0.0092 0.0044 0 0 1000 1000 0 0.00016 0.001 0.00048 1 0 0
0.009600000000000001 0.0044 0 0 1000 1000 0 0.00016 0.001 0.00048 1 0 0
0.01 0.0044 0 0 1000 1000 0 0.00016 0.001 0.00048 1 0 0
0.010400000000000001 0.0044 0 0 1000 1000 0 0.00016 0.001 0.00048 1 0 0
0.0012000000000000001 0.0048000000000000004 0 0 1000 1000 0 0.00016 0.001 0.00048 1 0 0
0.0016 0.0048000000000000004 0 0 1000 1000 0 0.00016 0.001 0.00048 1 0 0
0.002 0.0048000000000000004 0 0 1000 1000 0 0.00016 0.001 0.00048 1 0 0
0.0024000000000000002 0.0048000000000000004 0 0 1000 1000 0 0.00016 0.001 0.00048 1 0 0
0.0028 0.0048000000000000004 0 0 1000 1000 0 0.00016 0.001 0.00048 1 0 0
0.0032 0.0048000000000000004 0 0 1000 1000 0 0.00016 0.001 0.00048 1 0 0
0.0036000000000000003 0.0048000000000000004 0 0 1000 1000 0 0.00016 0.001 0.00048 1 0 0
0.004 0.0048000000000000004 0 0 1000 1000 0 0.00016 0.001 0.00048 1 0 0
0.0044 0.0048000000000000004 0 0 1000 1000 0 0.00016 0.001 0.00048 1 0 0
0.0048000000000000004 0.0048000000000000004 0 0 1000 1000 0 0.00016 0.001 0.00048 1 0 0
0.005200000000000001 0.0048000000000000004 0 0 1000 1000 0 0.00016 0.001 0.00048 1 0 0
0.0056 0.0048000000000000004 0 0 1000 1000 0 0.00016 0.001 0.00048 1 0 0
0.006 0.0048000000000000004 0 0 1000 1000 0 0.00016 0.001 0.00048 1 0 0
0.0064 0.0048000000000000004 0 0 1000 1000 0 0.00016 0.001 0.00048 1 0 0
0.0068000000000000005 0.0048000000000000004 0 0 1000 1000 0 0.00016 0.001 0.00048 1 0 0
0.007200000000000001 0.0048000000000000004 0 0 1000 1000 0 0.00016 0.001 0.00048 1 0 0
0.0076 0.0048000000000000004 0 0 1000 1000 0 0.00016 0.001 0.00048 1 0 0
0.008 0.0048000000000000004 0 0 1000 1000 0 0.00016 0.001 0.00048 1 0 0
0.008400000000000001 0.0048000000000000004 0 0 1000 1000 0 0.00016 0.001 0.00048 1 0 0
0.0088 0.0048000000000000004 0 0 1000 1000 0 0.00016 0.001 0.00048 1 0 0
0.0092 0.0048000000000000004 0 0 1000 1000 0 0.00016 0.001 0.00048 1 0 0
0.009600000000000001 0.0048000000000000004 0 0 1000 1000 0 0.00016 0.001 0.00048 1 0 0
0.01 0.0048000000000000004 0 0 1000 1000 0 0.00016 0.001 0.00048 1 0 0
0.010400000000000001 0.0048000000000000004 0 0 1000 1000 0 0.00016 0.001 0.00048 1 0 0
0.0012000000000000001 0.005200000000000001 0 0 1000 1000 0 0.00016 0.001 0.00048 1 0 0
0.0016 0.005200000000000001 0 0 1000 1000 0 0.00016 0.001 0.00048 1 0 0
0.002 0.005200000000000001 0 0 1000 1000 0 0.00016 0.001 0.00048 1 0 0
0.0024000000000000002 0.005200000000000001 0 0 1000 1000 0 0.00016 0.001 0.00048 1 0 0
0.0028 0.005200000000000001 0 0 1000 1000 0 0.00016 0.001 0.00048 1 0 0
0.0032 0.005200000000000001 0 0 1000 1000 0 0.00016 0.001 0.00048 1 0 0
0.0036000000000000003 0.005200000000000001 0 0 1000 1000 0 0.00016 0.001 0.00048 1 0 0
0.004 0.005200000000000001 0 0 1000 1000 0 0.00016 0.001 0.00048 1 0 0
0.0044 0.005200000000000001 0 0 1000 1000 0 0.00016 0.001 0.00048 1 0 0
0.0048000000000000004 0.005200000000000001 0 0 1000 1000 0 0.00016 0.001 0.00048 1 0 0
0.005200000000000001 0.005200000000000001 0 0 1000 1000 0 0.00016 0.001 0.00048 1 0 0
0.0056 0.005200000000000001 0 0 1000 1000 0 0.00016 0.001 0.00048 1 0 0
0.006 0.005200000000000001 0 0 1000 1000 0 0.00016 0.001 0.00048 1 0 0
0.0064 0.005200000000000001 0 0 1000 1000 0 0.00016 0.001 0.00048 1 0 0
0.0068000000000000005 0.005200000000000001 0 0 1000 1000 0 0.00016 0.001 0.00048 1 0 0
0.007200000000000001 0.005200000000000001 0 0 1000 1000 0 0.00016 0.001 0.00048 1 0 0
0.0076 0.005200000000000001 0 0 1000 1000 0 0.00016 0.001 0.00048 1 0 0
0.008 0.005200000000000001 0 0 1000 1000 0 0.00016 0.001 0.00048 1 0 0
0.008400000000000001 0.005200000000000001 0 0 1000 1000 0 0.00016 0.001 0.00048 1 0 0
0.0088 0.005200000000000001 0 0 1000 1000 0 0.00016 0.001 0.00048 1 0 0
0.0092 0.005200000000000001 0 0 1000 1000 0 0.00016 0.001 0.00048 1 0 0
0.009600000000000001 0.005200000000000001 0 0 1000 1000 0 0.00016 0.001 0.00048 1 0 0
0.01 0.005200000000000001 0 0 1000 1000 0 0.00016 0.001 0.00048 1 0 0
0.010400000000000001 0.005200000000000001 0 0 1000 1000 0 0.00016 0.001 0.00048 1 0 0
0.0012000000000000001 0.0056 0 0 1000 1000 0 0.00016 0.001 0.00048 1 0 0
0.0016 0.0056 0 0 1000 1000 0 0.00016 0.001 0.00048 1 0 0
0.002 0.0056 0 0 1000 1000 0 0.00016 0.001 0.00048 1 0 0
0.0024000000000000002 0.0056 0 0 1000 1000 0 0.00016 0.001 0.00048 1 0 0
0.0028 0.0056 0 0 1000 1000 0 0.00016 0.001 0.00048 1 0 0
0.0032 0.0056 0 0 1000 1000 0 0.00016 0.001 0.00048 1 0 0
0.0036000000000000003 0.0056 0 0 1000 1000 0 0.00016 0.001 0.00048 1 0 0
0.004 0.0056 0 0 1000 1000 0 0.00016 0.001 0.00048 1 0 0
0.0044 0.0056 0 0 1000 1000 0 0.00016 0.001 0.00048 1 0 0
0.0048000000000000004 0.0056 0 0 1000 1000 0 0.00016 0.001 0.00048 1 0 0
0.005200000000000001 0.0056 0 0 1000 1000 0 0.00016 0.001 0.00048 1 0 0
0.0056 0.0056 0 0 1000 1000 0 0.00016 0.001 0.00048 1 0 0
0.006 0.0056 0 0 1000 1000 0 0.00016 0.001 0.00048 1 0 0
0.0064 0.0056 0 0 1000 1000 0 0.00016 0.001 0.00048 1 0 0
0.0068000000000000005 0.0056 0 0 1000 1000 0 0.00016 0.001 0.00048 1 0 0
0.007200000000000001 0.0056 0 0 1000 1000 0 0.00016 0.001 0.00048 1 0 0
0.0076 0.0056 0 0 1000 1000 0 0.00016 0.001 0.00048 1 0 0
0.008 0.0056 0 0 1000 1000 0 0.00016 0.001 0.00048 1 0 0
0.008400000000000001 0.0056 0 0 1000 1000 0 0.00016 0.001 0.00048 1 0 0
0.0088 0.0056 0 0 1000 1000 0 0.00016 0.001 0.00048 1 0 0
0.0092 0.0056 0 0 1000 1000 0 0.00016 0.001 0.00048 1 0 0
0.009600000000000001 0.0056 0 0 1000 1000 0 0.00016 0.001 0.00048 1 0 0
0.01 0.0056 0 0 1000 1000 0 0.00016 0.001 0.00048 1 0 0
0.010400000000000001 0.0056 0 0 1000 1000 0 0.00016 0.001 0.00048 1 0 0
0.0012000000000000001 0.006 0 0 1000 1000 0 0.00016 0.001 0.00048 1 0 0
0.0016 0.006 0 0 1000 1000 0 0.00016 0.001 0.00048 1 0 0
0.002 0.006 0 0 1000 1000 0 0.00016 0.001 0.00048 1 0 0
0.0024000000000000002 0.006 0 0 1000 1000 0 0.00016 0.001 0.00048 1 0 0
0.0028 0.006 0 0 1000 1000 0 0.00016 0.001 0.00048 1 0 0
0.0032 0.006 0 0 1000 1000 0 0.00016 0.001 0.00048 1 0 0
0.0036000000000000003 0.006 0 0 1000 1000 0 0.00016 0.001 0.00048 1 0 0
0.004 0.006 0 0 1000 1000 0 0.00016 0.001 0.00048 1 0 0
0.0044 0.006 0 0 1000 1000 0 0.00016 0.001 0.00048 1 0 0
0.0048000000000000004 0.006 0 0 1000 1000 0 0.00016 0.001 0.00048 1 0 0
0.005200000000000001 0.006 0 0 1000 1000 0 0.00016 0.001 0.00048 1 0 0
0.0056 0.006 0 0 1000 1000 0 0.00016 0.001 0.00048 1 0 0
0.006 0.006 0 0 1000 1000 0 0.00016 0.001 0.00048 1 0 0
0.0064 0.006 0 0 1000 1000 0 0.00016 0.001 0.00048 1 0 0
0.0068000000000000005 0.006 0 0 1000 1000 0 0.00016 0.001 0.00048 1 0 0
0.007200000000000001 0.006 0 0 1000 1000 0 0.00016 0.001 0.00048 1 0 0
0.0076 0.006 0 0 1000 1000 0 0.00016 0.001 0.00048 1 0 0
0.008 0.006 0 0 1000 1000 0 0.00016 0.001 0.00048 1 0 0
0.008400000000000001 0.006 0 0 1000 1000 0 0.00016 0.001 0.00048 1 0 0
0.0088 0.006 0 0 1000 1000 0 0.00016 0.001 0.00048 1 0 0
0.0092 0.006 0 0 1000 1000 0 0.00016 0.001 0.00048 1 0 0
0.009600000000000001 0.006 0 0 1000 1000 0 0.00016 0.001 0.00048 1 0 0
0.01 0.006 0 0 1000 1000 0 0.00016 0.001 0.00048 1 0 0
0.010400000000000001 0.006 0 0 1000 1000 0 0.00016 0.001 0.00048 1 0 0
0.0012000000000000001 0.0064 0 0 1000 1000 0 0.00016 0.001 0.00048 1 0 0
0.0016 0.0064 0 0 1000 1000 0 0.00016 0.001 0.00048 1 0 0
0.002 0.0064 0 0 1000 1000 0 0.00016 0.001 0.00048 1 0 0
0.0024000000000000002 0.0064 0 0 1000 1000 0 0.00016 0.001 0.00048 1 0 0
0.0028 0.0064 0 0 1000 1000 0 0.00016 0.001 0.00048 1 0 0
0.0032 0.0064 0 0 1000 1000 0 0.00016 0.001 0.00048 1 0 0
0.0036000000000000003 0.0064 0 0 1000 1000 0 0.00016 0.001 0.00048 1 0 0
0.004 0.0064 0 0 1000 1000 0 0.00016 0.001 0.00048 1 0 0
0.0044 0.0064 0 0 1000 1000 0 0.00016 0.001 0.00048 1 0 0
0.0048000000000000004 0.0064 0 0 1000 1000 0 0.00016 0.001 0.00048 1 0 0
0.005200000000000001 0.0064 0 0 1000 1000 0 0.00016 0.001 0.00048 1 0 0
0.0056 0.0064 0 0 1000 1000 0 0.00016 0.001 0.00048 1 0 0
0.006 0.0064 0 0 1000 1000 0 0.00016 0.001 0.00048 1 0 0
0.0064 0.0064 0 0 1000 1000 0 0.00016 0.001 0.00048 1 0 0
0.0068000000000000005 0.0064 0 0 1000 1000 0 0.00016 0.001 0.00048 1 0 0
0.007200000000000001 0.0064 0 0 1000 1000 0 0.00016 0.001 0.00048 1 0 0
0.0076 0.0064 0 0 1000 1000 0 0.00016 0.001 0.00048 1 0 0
0.008 0.0064 0 0 1000 1000 0 0.00016 0.001 0.00048 1 0 0
0.008400000000000001 0.0064 0 0 1000 1000 0 0.00016 0.001 0.00048 1 0 0
0.0088 0.0064 0 0 1000 1000 0 0.00016 0.001 0.00048 1 0 0
0.0092 0.0064 0 0 1000 1000 0 0.00016 0.001 0.00048 1 0 0
0.009600000000000001 0.0064 0 0 1000 1000 0 0.00016 0.001 0.00048 1 0 0
0.01 0.0064 0 0 1000 1000 0 0.00016 0.001 0.00048 1 0 0
0.010400000000000001 0.0064 0 0 1000 1000 0 0.00016 0.001 0.00048 1 0 0
0.0012000000000000001 0.0068000000000000005 0 0 1000 1000 0 0.00016 0.001 0.00048 1 0 0
0.0016 0.0068000000000000005 0 0 1000 1000 0 0.00016 0.001 0.00048 1 0 0
0.002 0.0068000000000000005 0 0 1000 1000 0 0.00016 0.001 0.00048 1 0 0
0.0024000000000000002 0.0068000000000000005 0 0 1000 1000 0 0.00016 0.001 0.00048 1 0 0
0.0028 0.0068000000000000005 0 0 1000 1000 0 0.00016 0.001 0.00048 1 0 0
0.0032 0.0068000000000000005 0 0 1000 1000 0 0.00016 0.001 0.00048 1 0 0
0.0036000000000000003 0.0068000000000000005 0 0 1000 1000 0 0.00016 0.001 0.00048 1 0 0
0.004 0.0068000000000000005 0 0 1000 1000 0 0.00016 0.001 0.00048 1 0 0
0.0044 0.0068000000000000005 0 0 1000 1000 0 0.00016 0.001 0.00048 1 0 0
0.0048000000000000004 0.0068000000000000005 0 0 1000 1000 0 0.00016 0.001 0.00048 1 0 0
0.005200000000000001 0.0068000000000000005 0 0 1000 1000 0 0.00016 0.001 0.00048 1 0 0
0.0056 0.0068000000000000005 0 0 1000 1000 0 0.00016 0.001 0.00048 1 0 0
0.006 0.0068000000000000005 0 0 1000 1000 0 0.00016 0.001 0.00048 1 0 0
0.0064 0.0068000000000000005 0 0 1000 1000 0 0.00016 0.001 0.00048 1 0 0
0.0068000000000000005 0.0068000000000000005 0 0 1000 1000 0 0.00016 0.001 0.00048 1 0 0
0.007200000000000001 0.0068000000000000005 0 0 1000 1000 0 0.00016 0.001 0.00048 1 0 0
0.0076 0.0068000000000000005 0 0 1000 1000 0 0.00016 0.001 0.00048 1 0 0
0.008 0.0068000000000000005 0 0 1000 1000 0 0.00016 0.001 0.00048 1 0 0
0.008400000000000001 0.0068000000000000005 0 0 1000 1000 0 0.00016 0.001 0.00048 1 0 0
0.0088 0.0068000000000000005 0 0 1000 1000 0 0.00016 0.001 0.00048 1 0 0
0.0092 0.0068000000000000005 0 0 1000 1000 0 0.00016 0.001 0.00048 1 0 0
0.009600000000000001 0.0068000000000000005 0 0 1000 1000 0 0.00016 0.001 0.00048 1 0 0
0.01 0.0068000000000000005 0 0 1000 1000 0 0.00016 0.001 0.00048 1 0 0
0.010400000000000001 0.0068000000000000005 0 0 1000 1000 0 0.00016 0.001 0.00048 1 0 0
0.0012000000000000001 0.007200000000000001 0 0 1000 1000 0 0.00016 0.001 0.00048 1 0 0
0.0016 0.007200000000000001 0 0 1000 1000 0 0.00016 0.001 0.00048 1 0 0
0.002 0.007200000000000001 0 0 1000 1000 0 0.00016 0.001 0.00048 1 0 0
0.0024000000000000002 0.007200000000000001 0 0 1000 1000 0 0.00016 0.001 0.00048 1 0 0
0.0028 0.007200000000000001 0 0 1000 1000 0 0.00016 0.001 0.00048 1 0 0
0.0032 0.007200000000000001 0 0 1000 1000 0 0.00016 0.001 0.00048 1 0 0
0.0036000000000000003 0.007200000000000001 0 0 1000 1000 0 0.00016 0.001 0.00048 1 0 0
0.004 0.007200000000000001 0 0 1000 1000 0 0.00016 0.001 0.00048 1 0 0
0.0044 0.007200000000000001 0 0 1000 1000 0 0.00016 0.001 0.00048 1 0 0
0.0048000000000000004 0.007200000000000001 0 0 1000 1000 0 0.00016 0.001 0.00048 1 0 0
0.005200000000000001 0.007200000000000001 0 0 1000 1000 0 0.00016 0.001 0.00048 1 0 0
0.0056 0.007200000000000001 0 0 1000 1000 0 0.00016 0.001 0.00048 1 0 0
0.006 0.007200000000000001 0 0 1000 1000 0 0.00016 0.001 0.00048 1 0 0
0.0064 0.007200000000000001 0 0 1000 1000 0 0.00016 0.001 0.00048 1 0 0
0.0068000000000000005 0.007200000000000001 0 0 1000 1000 0 0.00016 0.001 0.00048 1 0 0
0.007200000000000001 0.007200000000000001 0 0 1000 1000 0 0.00016 0.001 0.00048 1 0 0
0.0076 0.007200000000000001 0 0 1000 1000 0 0.00016 0.001 0.00048 1 0 0
0.008 0.007200000000000001 0 0 1000 1000 0 0.00016 0.001 0.00048 1 0 0
0.008400000000000001 0.007200000000000001 0 0 1000 1000 0 0.00016 0.001 0.00048 1 0 0
0.0088 0.007200000000000001 0 0 1000 1000 0 0.00016 0.001 0.00048 1 0 0
0.0092 0.007200000000000001 0 0 1000 1000 0 0.00016 0.001 0.00048 1 0 0
0.009600000000000001 0.007200000000000001 0 0 1000 1000 0 0.00016 0.001 0.00048 1 0 0
0.01 0.007200000000000001 0 0 1000 1000 0 0.00016 0.001 0.00048 1 0 0
0.010400000000000001 0.007200000000000001 0 0 1000 1000 0 0.00016 0.001 0.00048 1 0 0
0.0012000000000000001 0.0076 0 0 1000 1000 0 0.00016 0.001 0.00048 1 0 0
0.0016 0.0076 0 0 1000 1000 0 0.00016 0.001 0.00048 1 0 0
0.002 0.0076 0 0 1000 1000 0 0.00016 0.001 0.00048 1 0 0
0.0024000000000000002 0.0076 0 0 1000 1000 0 0.00016 0.001 0.00048 1 0 0
0.0028 0.0076 0 0 1000 1000 0 0.00016 0.001 0.00048 1 0 0
0.0032 0.0076 0 0 1000 1000 0 0.00016 0.001 0.00048 1 0 0
0.0036000000000000003 0.0076 0 0 1000 1000 0 0.00016 0.001 0.00048 1 0 0
0.004 0.0076 0 0 1000 1000 0 0.00016 0.001 0.00048 1 0 0
0.0044 0.0076 0 0 1000 1000 0 0.00016 0.001 0.00048 1 0 0
0.0048000000000000004 0.0076 0 0 1000 1000 0 0.00016 0.001 0.00048 1 0 0
0.005200000000000001 0.0076 0 0 1000 1000 0 0.00016 0.001 0.00048 1 0 0
0.0056 0.0076 0 0 1000 1000 0 0.00016 0.001 0.00048 1 0 0
0.006 0.0076 0 0 1000 1000 0 0.00016 0.001 0.00048 1 0 0
0.0064 0.0076 0 0 1000 1000 0 0.00016 0.001 0.00048 1 0 0
0.0068000000000000005 0.0076 0 0 1000 1000 0 0.00016 0.001 0.00048 1 0 0
0.007200000000000001 0.0076 0 0 1000 1000 0 0.00016 0.001 0.00048 1 0 0
0.0076 0.0076 0 0 1000 1000 0 0.00016 0.001 0.00048 1 0 0
0.008 0.0076 0 0 1000 1000 0 0.00016 0.001 0.00048 1 0 0
0.008400000000000001 0.0076 0 0 1000 1000 0 0.00016 0.001 0.00048 1 0 0
0.0088 0.0076 0 0 1000 1000 0 0.00016 0.001 0.00048 1 0 0
0.0092 0.0076 0 0 1000 1000 0 0.00016 0.001 0.00048 1 0 0
0.009600000000000001 0.0076 0 0 1000 1000 0 0.00016 0.001 0.00048 1 0 0
0.01 0.0076 0 0 1000 1000 0 0.00016 0.001 0.00048 1 0 0
0.010400000000000001 0.0076 0 0 1000 1000 0 0.00016 0.001 0.00048 1 0 0
0.0012000000000000001 0.008 0 0 1000 1000 0 0.00016 0.001 0.00048 1 0 0
0.0016 0.008 0 0 1000 1000 0 0.00016 0.001 0.00048 1 0 0
0.002 0.008 0 0 1000 1000 0 0.00016 0.001 0.00048 1 0 0
0.0024000000000000002 0.008 0 0 1000 1000 0 0.00016 0.001 0.00048 1 0 0
0.0028 0.008 0 0 1000 1000 0 0.00016 0.001 0.00048 1 0 0
0.0032 0.008 0 0 1000 1000 0 0.00016 0.001 0.00048 1 0 0
0.0036000000000000003 0.008 0 0 1000 1000 0 0.00016 0.001 0.00048 1 0 0
0.004 0.008 0 0 1000 1000 0 0.00016 0.001 0.00048 1 0 0
0.0044 0.008 0 0 1000 1000 0 0.00016 0.001 0.00048 1 0 0
0.0048000000000000004 0.008 0 0 1000 1000 0 0.00016 0.001 0.00048 1 0 0
0.005200000000000001 0.008 0 0 1000 1000 0 0.00016 0.001 0.00048 1 0 0
0.0056 0.008 0 0 1000 1000 0 0.00016 0.001 0.00048 1 0 0
0.006 0.008 0 0 1000 1000 0 0.00016 0.001 0.00048 1 0 0
0.0064 0.008 0 0 1000 1000 0 0.00016 0.001 0.00048 1 0 0
0.0068000000000000005 0.008 0 0 1000 1000 0 0.00016 0.001 0.00048 1 0 0
0.007200000000000001 0.008 0 0 1000 1000 0 0.00016 0.001 0.00048 1 0 0
0.0076 0.008 0 0 1000 1000 0 0.00016 0.001 0.00048 1 0 0
0.008 0.008 0 0 1000 1000 0 0.00016 0.001 0.00048 1 0 0
0.008400000000000001 0.008 0 0 1000 1000 0 0.00016 0.001 0.00048 1 0 0
0.0088 0.008 0 0 1000 1000 0 0.00016 0.001 0.00048 1 0 0
0.0092 0.008 0 0 1000 1000 0 0.00016 0.001 0.00048 1 0 0
0.009600000000000001 0.008 0 0 1000 1000 0 0.00016 0.001 0.00048 1 0 0
0.01 0.008 0 0 1000 1000 0 0.00016 0.001 0.00048 1 0 0
0.010400000000000001 0.008 0 0 1000 1000 0 0.00016 0.001 0.00048 1 0 0
0.0012000000000000001 0.008400000000000001 0 0 1000 1000 0 0.00016 0.001 0.00048 1 0 0
0.0016 0.008400000000000001 0 0 1000 1000 0 0.00016 0.001 0.00048 1 0 0
0.002 0.008400000000000001 0 0 1000 1000 0 0.00016 0.001 0.00048 1 0 0
0.0024000000000000002 0.008400000000000001 0 0 1000 1000 0 0.00016 0.001 0.00048 1 0 0
0.0028 0.008400000000000001 0 0 1000 1000 0 0.00016 0.001 0.00048 1 0 0
0.0032 0.008400000000000001 0 0 1000 1000 0 0.00016 0.001 0.00048 1 0 0
0.0036000000000000003 0.008400000000000001 0 0 1000 1000 0 0.00016 0.001 0.00048 1 0 0
0.004 0.008400000000000001 0 0 1000 1000 0 0.00016 0.001 0.00048 1 0 0
0.0044 0.008400000000000001 0 0 1000 1000 0 0.00016 0.001 0.00048 1 0 0
0.0048000000000000004 0.008400000000000001 0 0 1000 1000 0 0.00016 0.001 0.00048 1 0 0
0.005200000000000001 0.008400000000000001 0 0 1000 1000 0 0.00016 0.001 0.00048 1 0 0
0.0056 0.008400000000000001 0 0 1000 1000 0 0.00016 0.001 0.00048 1 0 0
0.006 0.008400000000000001 0 0 1000 1000 0 0.00016 0.001 0.00048 1 0 0
0.0064 0.008400000000000001 0 0 1000 1000 0 0.00016 0.001 0.00048 1 0 0
0.0068000000000000005 0.008400000000000001 0 0 1000 1000 0 0.00016 0.001 0.00048 1 0 0
0.007200000000000001 0.008400000000000001 0 0 1000 1000 0 0.00016 0.001 0.00048 1 0 0
0.0076 0.008400000000000001 0 0 1000 1000 0 0.00016 0.001 0.00048 1 0 0
0.008 0.008400000000000001 0 0 1000 1000 0 0.00016 0.001 0.00048 1 0 0
0.008400000000000001 0.008400000000000001 0 0 1000 1000 0 0.00016 0.001 0.00048 1 0 0
0.0088 0.008400000000000001 0 0 1000 1000 0 0.00016 0.001 0.00048 1 0 0
0.0092 0.008400000000000001 0 0 1000 1000 0 0.00016 0.001 0.00048 1 0 0
0.009600000000000001 0.008400000000000001 0 0 1000 1000 0 0.00016 0.001 0.00048 1 0 0
0.01 0.008400000000000001 0 0 1000 1000 0 0.00016 0.001 0.00048 1 0 0
0.010400000000000001 0.008400000000000001 0 0 1000 1000 0 0.00016 0.001 0.00048 1 0 0
0.0012000000000000001 0.0088 0 0 1000 1000 0 0.00016 0.001 0.00048 1 0 0
0.0016 0.0088 0 0 1000 1000 0 0.00016 0.001 0.00048 1 0 0
0.002 0.0088 0 0 1000 1000 0 0.00016 0.001 0.00048 1 0 0
0.0024000000000000002 0.0088 0 0 1000 1000 0 0.00016 0.001 0.00048 1 0 0
0.0028 0.0088 0 0 1000 1000 0 0.00016 0.001 0.00048 1 0 0
0.0032 0.0088 0 0 1000 1000 0 0.00016 0.001 0.00048 1 0 0
0.0036000000000000003 0.0088 0 0 1000 1000 0 0.00016 0.001 0.00048 1 0 0
0.004 0.0088 0 0 1000 1000 0 0.00016 0.001 0.00048 1 0 0
0.0044 0.0088 0 0 1000 1000 0 0.00016 0.001 0.00048 1 0 0
0.0048000000000000004 0.0088 0 0 1000 1000 0 0.00016 0.001 0.00048 1 0 0
0.005200000000000001 0.0088 0 0 1000 1000 0 0.00016 0.001 0.00048 1 0 0
0.0056 0.0088 0 0 1000 1000 0 0.00016 0.001 0.00048 1 0 0
0.006 0.0088 0 0 1000 1000 0 0.00016 0.001 0.00048 1 0 0
0.0064 0.0088 0 0 1000 1000 0 0.00016 0.001 0.00048 1 0 0
0.0068000000000000005 0.0088 0 0 1000 1000 0 0.00016 0.001 0.00048 1 0 0
0.007200000000000001 0.0088 0 0 1000 1000 0 0.00016 0.001 0.00048 1 0 0
0.0076 0.0088 0 0 1000 1000 0 0.00016 0.001 0.00048 1 0 0
0.008 0.0088 0 0 1000 1000 0 0.00016 0.001 0.00048 1 0 0
0.008400000000000001 0.0088 0 0 1000 1000 0 0.00016 0.001 0.00048 1 0 0
0.0088 0.0088 0 0 1000 1000 0 0.00016 0.001 0.00048 1 0 0
0.0092 0.0088 0 0 1000 1000 0 0.00016 0.001 0.00048 1 0 0
0.009600000000000001 0.0088 0 0 1000 1000 0 0.00016 0.001 0.00048 1 0 0
0.01 0.0088 0 0 1000 1000 0 0.00016 0.001 0.00048 1 0 0
0.010400000000000001 0.0088 0 0 1000 1000 0 0.00016 0.001 0.00048 1 0 0
0.0012000000000000001 0.0092 0 0 1000 1000 0 0.00016 0.001 0.00048 1 0 0
0.0016 0.0092 0 0 1000 1000 0 0.00016 0.001 0.00048 1 0 0
0.002 0.0092 0 0 1000 1000 0 0.00016 0.001 0.00048 1 0 0
0.0024000000000000002 0.0092 0 0 1000 1000 0 0.00016 0.001 0.00048 1 0 0
0.0028 0.0092 0 0 1000 1000 0 0.00016 0.001 0.00048 1 0 0
0.0032 0.0092 0 0 1000 1000 0 0.00016 0.001 0.00048 1 0 0
0.0036000000000000003 0.0092 0 0 1000 1000 0 0.00016 0.001 0.00048 1 0 0
0.004 0.0092 0 0 1000 1000 0 0.00016 0.001 0.00048 1 0 0
0.0044 0.0092 0 0 1000 1000 0 0.00016 0.001 0.00048 1 0 0
0.0048000000000000004 0.0092 0 0 1000 1000 0 0.00016 0.001 0.00048 1 0 0
0.005200000000000001 0.0092 0 0 1000 1000 0 0.00016 0.001 0.00048 1 0 0
0.0056 0.0092 0 0 1000 1000 0 0.00016 0.001 0.00048 1 0 0
0.006 0.0092 0 0 1000 1000 0 0.00016 0.001 0.00048 1 0 0
0.0064 0.0092 0 0 1000 1000 0 0.00016 0.001 0.00048 1 0 0
0.0068000000000000005 0.0092 0 0 1000 1000 0 0.00016 0.001 0.00048 1 0 0
0.007200000000000001 0.0092 0 0 1000 1000 0 0.00016 0.001 0.00048 1 0 0
0.0076 0.0092 0 0 1000 1000 0 0.00016 0.001 0.00048 1 0 0
0.008 0.0092 0 0 1000 1000 0 0.00016 0.001 0.00048 1 0 0
0.008400000000000001 0.0092 0 0 1000 1000 0 0.00016 0.001 0.00048 1 0 0
0.0088 0.0092 0 0 1000 1000 0 0.00016 0.001 0.00048 1 0 0
0.0092 0.0092 0 0 1000 1000 0 0.00016 0.001 0.00048 1 0 0
0.009600000000000001 0.0092 0 0 1000 1000 0 0.00016 0.001 0.00048 1 0 0
0.01 0.0092 0 0 1000 1000 0 0.00016 0.001 0.00048 1 0 0
0.010400000000000001 0.0092 0 0 1000 1000 0 0.00016 0.001 0.00048 1 0 0
0.0012000000000000001 0.009600000000000001 0 0 1000 1000 0 0.00016 0.001 0.00048 1 0 0
0.0016 0.009600000000000001 0 0 1000 1000 0 0.00016 0.001 0.00048 1 0 0
0.002 0.009600000000000001 0 0 1000 1000 0 0.00016 0.001 0.00048 1 0 0
0.0024000000000000002 0.009600000000000001 0 0 1000 1000 0 0.00016 0.001 0.00048 1 0 0
0.0028 0.009600000000000001 0 0 1000 1000 0 0.00016 0.001 0.00048 1 0 0
0.0032 0.009600000000000001 0 0 1000 1000 0 0.00016 0.001 0.00048 1 0 0
0.0036000000000000003 0.009600000000000001 0 0 1000 1000 0 0.00016 0.001 0.00048 1 0 0
0.004 0.009600000000000001 0 0 1000 1000 0 0.00016 0.001 0.00048 1 0 0
0.0044 0.009600000000000001 0 0 1000 1000 0 0.00016 0.001 0.00048 1 0 0
0.0048000000000000004 0.009600000000000001 0 0 1000 1000 0 0.00016 0.001 0.00048 1 0 0
0.005200000000000001 0.009600000000000001 0 0 1000 1000 0 0.00016 0.001 0.00048 1 0 0
0.0056 0.009600000000000001 0 0 1000 1000 0 0.00016 0.001 0.00048 1 0 0
0.006 0.009600000000000001 0 0 1000 1000 0 0.00016 0.001 0.00048 1 0 0
0.0064 0.009600000000000001 0 0 1000 1000 0 0.00016 0.001 0.00048 1 0 0
0.0068000000000000005 0.009600000000000001 0 0 1000 1000 0 0.00016 0.001 0.00048 1 0 0
0.007200000000000001 0.009600000000000001 0 0 1000 1000 0 0.00016 0.001 0.00048 1 0 0
0.0076 0.009600000000000001 0 0 1000 1000 0 0.00016 0.001 0.00048 1 0 0
0.008 0.009600000000000001 0 0 1000 1000 0 0.00016 0.001 0.00048 1 0 0
0.008400000000000001 0.009600000000000001 0 0 1000 1000 0 0.00016 0.001 0.00048 1 0 0
0.0088 0.009600000000000001 0 0 1000 1000 0 0.00016 0.001 0.00048 1 0 0
0.0092 0.009600000000000001 0 0 1000 1000 0 0.00016 0.001 0.00048 1 0 0
0.009600000000000001 0.009600000000000001 0 0 1000 1000 0 0.00016 0.001 0.00048 1 0 0
0.01 0.009600000000000001 0 0 1000 1000 0 0.00016 0.001 0.00048 1 0 0
0.010400000000000001 0.009600000000000001 0 0 1000 1000 0 0.00016 0.001 0.00048 1 0 0
0.0012000000000000001 0.01 0 0 1000 1000 0 0.00016 0.001 0.00048 1 0 0
0.0016 0.01 0 0 1000 1000 0 0.00016 0.001 0.00048 1 0 0
0.002 0.01 0 0 1000 1000 0 0.00016 0.001 0.00048 1 0 0
0.0024000000000000002 0.01 0 0 1000 1000 0 0.00016 0.001 0.00048 1 0 0
0.0028 0.01 0 0 1000 1000 0 0.00016 0.001 0.00048 1 0 0
0.0032 0.01 0 0 1000 1000 0 0.00016 0.001 0.00048 1 0 0
0.0036000000000000003 0.01 0 0 1000 1000 0 0.00016 0.001 0.00048 1 0 0
0.004 0.01 0 0 1000 1000 0 0.00016 0.001 0.00048 1 0 0
0.0044 0.01 0 0 1000 1000 0 0.00016 0.001 0.00048 1 0 0
0.0048000000000000004 0.01 0 0 1000 1000 0 0.00016 0.001 0.00048 1 0 0
0.005200000000000001 0.01 0 0 1000 1000 0 0.00016 0.001 0.00048 1 0 0
0.0056 0.01 0 0 1000 1000 0 0.00016 0.001 0.00048 1 0 0
0.006 0.01 0 0 1000 1000 0 0.00016 0.001 0.00048 1 0 0
0.0064 0.01 0 0 1000 1000 0 0.00016 0.001 0.00048 1 0 0
0.0068000000000000005 0.01 0 0 1000 1000 0 0.00016 0.001 0.00048 1 0 0
0.007200000000000001 0.01 0 0 1000 1000 0 0.00016 0.001 0.00048 1 0 0
0.0076 0.01 0 0 1000 1000 0 0.00016 0.001 0.00048 1 0 0
0.008 0.01 0 0 1000 1000 0 0.00016 0.001 0.00048 1 0 0
0.008400000000000001 0.01 0 0 1000 1000 0 0.00016 0.001 0.00048 1 0 0
0.0088 0.01 0 0 1000 1000 0 0.00016 0.001 0.00048 1 0 0
0.0092 0.01 0 0 1000 1000 0 0.00016 0.001 0.00048 1 0 0
0.009600000000000001 0.01 0 0 1000 1000 0 0.00016 0.001 0.00048 1 0 0
0.01 0.01 0 0 1000 1000 0 0.00016 0.001 0.00048 1 0 0
0.010400000000000001 0.01 0 0 1000 1000 0 0.00016 0.001 0.00048 1 0 0
0.0012000000000000001 0.010400000000000001 0 0 1000 1000 0 0.00016 0.001 0.00048 1 0 0
0.0016 0.010400000000000001 0 0 1000 1000 0 0.00016 0.001 0.00048 1 0 0
0.002 0.010400000000000001 0 0 1000 1000 0 0.00016 0.001 0.00048 1 0 0
0.0024000000000000002 0.010400000000000001 0 0 1000 1000 0 0.00016 0.001 0.00048 1 0 0
0.0028 0.010400000000000001 0 0 1000 1000 0 0.00016 0.001 0.00048 1 0 0
0.0032 0.010400000000000001 0 0 1000 1000 0 0.00016 0.001 0.00048 1 0 0
0.0036000000000000003 0.010400000000000001 0 0 1000 1000 0 0.00016 0.001 0.00048 1 0 0
0.004 0.010400000000000001 0 0 1000 1000 0 0.00016 0.001 0.00048 1 0 0
0.0044 0.010400000000000001 0 0 1000 1000 0 0.00016 0.001 0.00048 1 0 0
0.0048000000000000004 0.010400000000000001 0 0 1000 1000 0 0.00016 0.001 0.00048 1 0 0
0.005200000000000001 0.010400000000000001 0 0 1000 1000 0 0.00016 0.001 0.00048 1 0 0
0.0056 0.010400000000000001 0 0 1000 1000 0 0.00016 0.001 0.00048 1 0 0
0.006 0.010400000000000001 0 0 1000 1000 0 0.00016 0.001 0.00048 1 0 0
0.0064 0.010400000000000001 0 0 1000 1000 0 0.00016 0.001 0.00048 1 0 0
0.0068000000000000005 0.010400000000000001 0 0 1000 1000 0 0.00016 0.001 0.00048 1 0 0
0.007200000000000001 0.010400000000000001 0 0 1000 1000 0 0.00016 0.001 0.00048 1 0 0
0.0076 0.010400000000000001 0 0 1000 1000 0 0.00016 0.001 0.00048 1 0 0
0.008 0.010400000000000001 0 0 1000 1000 0 0.00016 0.001 0.00048 1 0 0
0.008400000000000001 0.010400000000000001 0 0 1000 1000 0 0.00016 0.001 0.00048 1 0 0
0.0088 0.010400000000000001 0 0 1000 1000 0 0.00016 0.001 0.00048 1 0 0
0.0092 0.010400000000000001 0 0 1000 1000 0 0.00016 0.001 0.00048 1 0 0
0.009600000000000001 0.010400000000000001 0 0 1000 1000 0 0.00016 0.001 0.00048 1 0 0
0.01 0.010400000000000001 0 0 1000 1000 0 0.00016 0.001 0.00048 1 0 0
0.010400000000000001 0.010400000000000001 0 0 1000 1000 0 0.00016 0.001 0.00048 1 0 0
0
0
0
####################################################
Contact Angle: 0
Radius: 0
Volume: 0
Height: 0.01
Ghost start index: 0
Ghost end index: 0
####################################################